"Date","Source","Site ID","POC","Daily Max 8-hour CO Concentration","UNITS","DAILY_AQI_VALUE","Site Name","DAILY_OBS_COUNT","PERCENT_COMPLETE","AQS_PARAMETER_CODE","AQS_PARAMETER_DESC","CBSA_CODE","CBSA_NAME","STATE_CODE","STATE","COUNTY_CODE","COUNTY","SITE_LATITUDE","SITE_LONGITUDE"
"01/01/2018","AQS","170191001","1","0.2","ppm","2","ISWS CLIMATE STATION","19","79.0000","42101","Carbon monoxide","16580","Champaign-Urbana, IL","17","Illinois","019","Champaign","40.05278","-88.37251"
"01/10/2018","AQS","170191001","1","0.2","ppm","2","ISWS CLIMATE STATION","24","100.0000","42101","Carbon monoxide","16580","Champaign-Urbana, IL","17","Illinois","019","Champaign","40.05278","-88.37251"
"01/11/2018","AQS","170191001","1","0.1","ppm","1","ISWS CLIMATE STATION","24","100.0000","42101","Carbon monoxide","16580","Champaign-Urbana, IL","17","Illinois","019","Champaign","40.05278","-88.37251"
"01/12/2018","AQS","170191001","1","0.2","ppm","2","ISWS CLIMATE STATION","24","100.0000","42101","Carbon monoxide","16580","Champaign-Urbana, IL","17","Illinois","019","Champaign","40.05278","-88.37251"
"01/13/2018","AQS","170191001","1","0.1","ppm","1","ISWS CLIMATE STATION","24","100.0000","42101","Carbon monoxide","16580","Champaign-Urbana, IL","17","Illinois","019","Champaign","40.05278","-88.37251"
"01/14/2018","AQS","170191001","1","0.2","ppm","2","ISWS CLIMATE STATION","24","100.0000","42101","Carbon monoxide","16580","Champaign-Urbana, IL","17","Illinois","019","Champaign","40.05278","-88.37251"
"01/15/2018","AQS","170191001","1","0.2","ppm","2","ISWS CLIMATE STATION","24","100.0000","42101","Carbon monoxide","16580","Champaign-Urbana, IL","17","Illinois","019","Champaign","40.05278","-88.37251"
"01/16/2018","AQS","170191001","1","0.2","ppm","2","ISWS CLIMATE STATION","18","75.0000","42101","Carbon monoxide","16580","Champaign-Urbana, IL","17","Illinois","019","Champaign","40.05278","-88.37251"
"01/17/2018","AQS","170191001","1","0.2","ppm","2","ISWS CLIMATE STATION","24","100.0000","42101","Carbon monoxide","16580","Champaign-Urbana, IL","17","Illinois","019","Champaign","40.05278","-88.37251"
"01/18/2018","AQS","170191001","1","0.2","ppm","2","ISWS CLIMATE STATION","24","100.0000","42101","Carbon monoxide","16580","Champaign-Urbana, IL","17","Illinois","019","Champaign","40.05278","-88.37251"
"01/19/2018","AQS","170191001","1","0.2","ppm","2","ISWS CLIMATE STATION","24","100.0000","42101","Carbon monoxide","16580","Champaign-Urbana, IL","17","Illinois","019","Champaign","40.05278","-88.37251"
"01/27/2018","AQS","170191001","1","0.2","ppm","2","ISWS CLIMATE STATION","24","100.0000","42101","Carbon monoxide","16580","Champaign-Urbana, IL","17","Illinois","019","Champaign","40.05278","-88.37251"
"01/28/2018","AQS","170191001","1","0.2","ppm","2","ISWS CLIMATE STATION","24","100.0000","42101","Carbon monoxide","16580","Champaign-Urbana, IL","17","Illinois","019","Champaign","40.05278","-88.37251"
"01/29/2018","AQS","170191001","1","0.2","ppm","2","ISWS CLIMATE STATION","24","100.0000","42101","Carbon monoxide","16580","Champaign-Urbana, IL","17","Illinois","019","Champaign","40.05278","-88.37251"
"01/30/2018","AQS","170191001","1","0.2","ppm","2","ISWS CLIMATE STATION","19","79.0000","42101","Carbon monoxide","16580","Champaign-Urbana, IL","17","Illinois","019","Champaign","40.05278","-88.37251"
"01/31/2018","AQS","170191001","1","0.2","ppm","2","ISWS CLIMATE STATION","24","100.0000","42101","Carbon monoxide","16580","Champaign-Urbana, IL","17","Illinois","019","Champaign","40.05278","-88.37251"
"02/01/2018","AQS","170191001","1","0.2","ppm","2","ISWS CLIMATE STATION","24","100.0000","42101","Carbon monoxide","16580","Champaign-Urbana, IL","17","Illinois","019","Champaign","40.05278","-88.37251"
"02/02/2018","AQS","170191001","1","0.1","ppm","1","ISWS CLIMATE STATION","24","100.0000","42101","Carbon monoxide","16580","Champaign-Urbana, IL","17","Illinois","019","Champaign","40.05278","-88.37251"
"02/03/2018","AQS","170191001","1","0.1","ppm","1","ISWS CLIMATE STATION","24","100.0000","42101","Carbon monoxide","16580","Champaign-Urbana, IL","17","Illinois","019","Champaign","40.05278","-88.37251"
"02/04/2018","AQS","170191001","1","0.1","ppm","1","ISWS CLIMATE STATION","24","100.0000","42101","Carbon monoxide","16580","Champaign-Urbana, IL","17","Illinois","019","Champaign","40.05278","-88.37251"
"02/05/2018","AQS","170191001","1","0.2","ppm","2","ISWS CLIMATE STATION","24","100.0000","42101","Carbon monoxide","16580","Champaign-Urbana, IL","17","Illinois","019","Champaign","40.05278","-88.37251"
"02/06/2018","AQS","170191001","1","0.2","ppm","2","ISWS CLIMATE STATION","24","100.0000","42101","Carbon monoxide","16580","Champaign-Urbana, IL","17","Illinois","019","Champaign","40.05278","-88.37251"
"02/07/2018","AQS","170191001","1","0.2","ppm","2","ISWS CLIMATE STATION","24","100.0000","42101","Carbon monoxide","16580","Champaign-Urbana, IL","17","Illinois","019","Champaign","40.05278","-88.37251"
"02/08/2018","AQS","170191001","1","0.2","ppm","2","ISWS CLIMATE STATION","24","100.0000","42101","Carbon monoxide","16580","Champaign-Urbana, IL","17","Illinois","019","Champaign","40.05278","-88.37251"
"02/09/2018","AQS","170191001","1","0.3","ppm","3","ISWS CLIMATE STATION","24","100.0000","42101","Carbon monoxide","16580","Champaign-Urbana, IL","17","Illinois","019","Champaign","40.05278","-88.37251"
"02/10/2018","AQS","170191001","1","0.3","ppm","3","ISWS CLIMATE STATION","24","100.0000","42101","Carbon monoxide","16580","Champaign-Urbana, IL","17","Illinois","019","Champaign","40.05278","-88.37251"
"02/11/2018","AQS","170191001","1","0.2","ppm","2","ISWS CLIMATE STATION","24","100.0000","42101","Carbon monoxide","16580","Champaign-Urbana, IL","17","Illinois","019","Champaign","40.05278","-88.37251"
"02/12/2018","AQS","170191001","1","0.2","ppm","2","ISWS CLIMATE STATION","24","100.0000","42101","Carbon monoxide","16580","Champaign-Urbana, IL","17","Illinois","019","Champaign","40.05278","-88.37251"
"02/13/2018","AQS","170191001","1","0.2","ppm","2","ISWS CLIMATE STATION","20","83.0000","42101","Carbon monoxide","16580","Champaign-Urbana, IL","17","Illinois","019","Champaign","40.05278","-88.37251"
"02/14/2018","AQS","170191001","1","0.2","ppm","2","ISWS CLIMATE STATION","24","100.0000","42101","Carbon monoxide","16580","Champaign-Urbana, IL","17","Illinois","019","Champaign","40.05278","-88.37251"
"02/15/2018","AQS","170191001","1","0.2","ppm","2","ISWS CLIMATE STATION","24","100.0000","42101","Carbon monoxide","16580","Champaign-Urbana, IL","17","Illinois","019","Champaign","40.05278","-88.37251"
"02/16/2018","AQS","170191001","1","0.2","ppm","2","ISWS CLIMATE STATION","24","100.0000","42101","Carbon monoxide","16580","Champaign-Urbana, IL","17","Illinois","019","Champaign","40.05278","-88.37251"
"02/17/2018","AQS","170191001","1","0.2","ppm","2","ISWS CLIMATE STATION","24","100.0000","42101","Carbon monoxide","16580","Champaign-Urbana, IL","17","Illinois","019","Champaign","40.05278","-88.37251"
"02/18/2018","AQS","170191001","1","0.2","ppm","2","ISWS CLIMATE STATION","24","100.0000","42101","Carbon monoxide","16580","Champaign-Urbana, IL","17","Illinois","019","Champaign","40.05278","-88.37251"
"02/19/2018","AQS","170191001","1","0.2","ppm","2","ISWS CLIMATE STATION","24","100.0000","42101","Carbon monoxide","16580","Champaign-Urbana, IL","17","Illinois","019","Champaign","40.05278","-88.37251"
"02/20/2018","AQS","170191001","1","0.1","ppm","1","ISWS CLIMATE STATION","24","100.0000","42101","Carbon monoxide","16580","Champaign-Urbana, IL","17","Illinois","019","Champaign","40.05278","-88.37251"
"02/21/2018","AQS","170191001","1","0.2","ppm","2","ISWS CLIMATE STATION","24","100.0000","42101","Carbon monoxide","16580","Champaign-Urbana, IL","17","Illinois","019","Champaign","40.05278","-88.37251"
"02/22/2018","AQS","170191001","1","0.2","ppm","2","ISWS CLIMATE STATION","24","100.0000","42101","Carbon monoxide","16580","Champaign-Urbana, IL","17","Illinois","019","Champaign","40.05278","-88.37251"
"02/23/2018","AQS","170191001","1","0.2","ppm","2","ISWS CLIMATE STATION","23","96.0000","42101","Carbon monoxide","16580","Champaign-Urbana, IL","17","Illinois","019","Champaign","40.05278","-88.37251"
"02/24/2018","AQS","170191001","1","0.2","ppm","2","ISWS CLIMATE STATION","24","100.0000","42101","Carbon monoxide","16580","Champaign-Urbana, IL","17","Illinois","019","Champaign","40.05278","-88.37251"
"02/25/2018","AQS","170191001","1","0.2","ppm","2","ISWS CLIMATE STATION","24","100.0000","42101","Carbon monoxide","16580","Champaign-Urbana, IL","17","Illinois","019","Champaign","40.05278","-88.37251"
"02/26/2018","AQS","170191001","1","0.2","ppm","2","ISWS CLIMATE STATION","24","100.0000","42101","Carbon monoxide","16580","Champaign-Urbana, IL","17","Illinois","019","Champaign","40.05278","-88.37251"
"02/27/2018","AQS","170191001","1","0.2","ppm","2","ISWS CLIMATE STATION","19","79.0000","42101","Carbon monoxide","16580","Champaign-Urbana, IL","17","Illinois","019","Champaign","40.05278","-88.37251"
"02/28/2018","AQS","170191001","1","0.2","ppm","2","ISWS CLIMATE STATION","24","100.0000","42101","Carbon monoxide","16580","Champaign-Urbana, IL","17","Illinois","019","Champaign","40.05278","-88.37251"
"03/01/2018","AQS","170191001","1","0.2","ppm","2","ISWS CLIMATE STATION","24","100.0000","42101","Carbon monoxide","16580","Champaign-Urbana, IL","17","Illinois","019","Champaign","40.05278","-88.37251"
"03/02/2018","AQS","170191001","1","0.2","ppm","2","ISWS CLIMATE STATION","24","100.0000","42101","Carbon monoxide","16580","Champaign-Urbana, IL","17","Illinois","019","Champaign","40.05278","-88.37251"
"03/03/2018","AQS","170191001","1","0.2","ppm","2","ISWS CLIMATE STATION","24","100.0000","42101","Carbon monoxide","16580","Champaign-Urbana, IL","17","Illinois","019","Champaign","40.05278","-88.37251"
"03/04/2018","AQS","170191001","1","0.2","ppm","2","ISWS CLIMATE STATION","24","100.0000","42101","Carbon monoxide","16580","Champaign-Urbana, IL","17","Illinois","019","Champaign","40.05278","-88.37251"
"03/05/2018","AQS","170191001","1","0.2","ppm","2","ISWS CLIMATE STATION","24","100.0000","42101","Carbon monoxide","16580","Champaign-Urbana, IL","17","Illinois","019","Champaign","40.05278","-88.37251"
"03/06/2018","AQS","170191001","1","0.2","ppm","2","ISWS CLIMATE STATION","24","100.0000","42101","Carbon monoxide","16580","Champaign-Urbana, IL","17","Illinois","019","Champaign","40.05278","-88.37251"
"03/07/2018","AQS","170191001","1","0.2","ppm","2","ISWS CLIMATE STATION","24","100.0000","42101","Carbon monoxide","16580","Champaign-Urbana, IL","17","Illinois","019","Champaign","40.05278","-88.37251"
"03/08/2018","AQS","170191001","1","0.2","ppm","2","ISWS CLIMATE STATION","24","100.0000","42101","Carbon monoxide","16580","Champaign-Urbana, IL","17","Illinois","019","Champaign","40.05278","-88.37251"
"03/09/2018","AQS","170191001","1","0.2","ppm","2","ISWS CLIMATE STATION","24","100.0000","42101","Carbon monoxide","16580","Champaign-Urbana, IL","17","Illinois","019","Champaign","40.05278","-88.37251"
"03/10/2018","AQS","170191001","1","0.2","ppm","2","ISWS CLIMATE STATION","24","100.0000","42101","Carbon monoxide","16580","Champaign-Urbana, IL","17","Illinois","019","Champaign","40.05278","-88.37251"
"03/11/2018","AQS","170191001","1","0.2","ppm","2","ISWS CLIMATE STATION","24","100.0000","42101","Carbon monoxide","16580","Champaign-Urbana, IL","17","Illinois","019","Champaign","40.05278","-88.37251"
"03/12/2018","AQS","170191001","1","0.2","ppm","2","ISWS CLIMATE STATION","24","100.0000","42101","Carbon monoxide","16580","Champaign-Urbana, IL","17","Illinois","019","Champaign","40.05278","-88.37251"
"03/13/2018","AQS","170191001","1","0.2","ppm","2","ISWS CLIMATE STATION","19","79.0000","42101","Carbon monoxide","16580","Champaign-Urbana, IL","17","Illinois","019","Champaign","40.05278","-88.37251"
"03/14/2018","AQS","170191001","1","0.2","ppm","2","ISWS CLIMATE STATION","24","100.0000","42101","Carbon monoxide","16580","Champaign-Urbana, IL","17","Illinois","019","Champaign","40.05278","-88.37251"
"03/15/2018","AQS","170191001","1","0.2","ppm","2","ISWS CLIMATE STATION","24","100.0000","42101","Carbon monoxide","16580","Champaign-Urbana, IL","17","Illinois","019","Champaign","40.05278","-88.37251"
"03/16/2018","AQS","170191001","1","0.2","ppm","2","ISWS CLIMATE STATION","24","100.0000","42101","Carbon monoxide","16580","Champaign-Urbana, IL","17","Illinois","019","Champaign","40.05278","-88.37251"
"03/17/2018","AQS","170191001","1","0.2","ppm","2","ISWS CLIMATE STATION","24","100.0000","42101","Carbon monoxide","16580","Champaign-Urbana, IL","17","Illinois","019","Champaign","40.05278","-88.37251"
"03/18/2018","AQS","170191001","1","0.3","ppm","3","ISWS CLIMATE STATION","24","100.0000","42101","Carbon monoxide","16580","Champaign-Urbana, IL","17","Illinois","019","Champaign","40.05278","-88.37251"
"03/19/2018","AQS","170191001","1","0.2","ppm","2","ISWS CLIMATE STATION","24","100.0000","42101","Carbon monoxide","16580","Champaign-Urbana, IL","17","Illinois","019","Champaign","40.05278","-88.37251"
"03/20/2018","AQS","170191001","1","0.2","ppm","2","ISWS CLIMATE STATION","24","100.0000","42101","Carbon monoxide","16580","Champaign-Urbana, IL","17","Illinois","019","Champaign","40.05278","-88.37251"
"03/21/2018","AQS","170191001","1","0.2","ppm","2","ISWS CLIMATE STATION","24","100.0000","42101","Carbon monoxide","16580","Champaign-Urbana, IL","17","Illinois","019","Champaign","40.05278","-88.37251"
"03/22/2018","AQS","170191001","1","0.2","ppm","2","ISWS CLIMATE STATION","24","100.0000","42101","Carbon monoxide","16580","Champaign-Urbana, IL","17","Illinois","019","Champaign","40.05278","-88.37251"
"03/23/2018","AQS","170191001","1","0.2","ppm","2","ISWS CLIMATE STATION","24","100.0000","42101","Carbon monoxide","16580","Champaign-Urbana, IL","17","Illinois","019","Champaign","40.05278","-88.37251"
"03/24/2018","AQS","170191001","1","0.2","ppm","2","ISWS CLIMATE STATION","24","100.0000","42101","Carbon monoxide","16580","Champaign-Urbana, IL","17","Illinois","019","Champaign","40.05278","-88.37251"
"03/25/2018","AQS","170191001","1","0.2","ppm","2","ISWS CLIMATE STATION","24","100.0000","42101","Carbon monoxide","16580","Champaign-Urbana, IL","17","Illinois","019","Champaign","40.05278","-88.37251"
"03/26/2018","AQS","170191001","1","0.2","ppm","2","ISWS CLIMATE STATION","24","100.0000","42101","Carbon monoxide","16580","Champaign-Urbana, IL","17","Illinois","019","Champaign","40.05278","-88.37251"
"03/27/2018","AQS","170191001","1","0.2","ppm","2","ISWS CLIMATE STATION","19","79.0000","42101","Carbon monoxide","16580","Champaign-Urbana, IL","17","Illinois","019","Champaign","40.05278","-88.37251"
"03/28/2018","AQS","170191001","1","0.2","ppm","2","ISWS CLIMATE STATION","24","100.0000","42101","Carbon monoxide","16580","Champaign-Urbana, IL","17","Illinois","019","Champaign","40.05278","-88.37251"
"03/29/2018","AQS","170191001","1","0.3","ppm","3","ISWS CLIMATE STATION","24","100.0000","42101","Carbon monoxide","16580","Champaign-Urbana, IL","17","Illinois","019","Champaign","40.05278","-88.37251"
"03/30/2018","AQS","170191001","1","0.2","ppm","2","ISWS CLIMATE STATION","24","100.0000","42101","Carbon monoxide","16580","Champaign-Urbana, IL","17","Illinois","019","Champaign","40.05278","-88.37251"
"04/04/2018","AQS","170191001","1","0.1","ppm","1","ISWS CLIMATE STATION","13","54.0000","42101","Carbon monoxide","16580","Champaign-Urbana, IL","17","Illinois","019","Champaign","40.05278","-88.37251"
"04/05/2018","AQS","170191001","1","0.2","ppm","2","ISWS CLIMATE STATION","24","100.0000","42101","Carbon monoxide","16580","Champaign-Urbana, IL","17","Illinois","019","Champaign","40.05278","-88.37251"
"04/06/2018","AQS","170191001","1","0.2","ppm","2","ISWS CLIMATE STATION","24","100.0000","42101","Carbon monoxide","16580","Champaign-Urbana, IL","17","Illinois","019","Champaign","40.05278","-88.37251"
"04/07/2018","AQS","170191001","1","0.1","ppm","1","ISWS CLIMATE STATION","24","100.0000","42101","Carbon monoxide","16580","Champaign-Urbana, IL","17","Illinois","019","Champaign","40.05278","-88.37251"
"04/08/2018","AQS","170191001","1","0.2","ppm","2","ISWS CLIMATE STATION","24","100.0000","42101","Carbon monoxide","16580","Champaign-Urbana, IL","17","Illinois","019","Champaign","40.05278","-88.37251"
"04/09/2018","AQS","170191001","1","0.2","ppm","2","ISWS CLIMATE STATION","24","100.0000","42101","Carbon monoxide","16580","Champaign-Urbana, IL","17","Illinois","019","Champaign","40.05278","-88.37251"
"04/10/2018","AQS","170191001","1","0.2","ppm","2","ISWS CLIMATE STATION","19","79.0000","42101","Carbon monoxide","16580","Champaign-Urbana, IL","17","Illinois","019","Champaign","40.05278","-88.37251"
"04/11/2018","AQS","170191001","1","0.2","ppm","2","ISWS CLIMATE STATION","24","100.0000","42101","Carbon monoxide","16580","Champaign-Urbana, IL","17","Illinois","019","Champaign","40.05278","-88.37251"
"04/12/2018","AQS","170191001","1","0.2","ppm","2","ISWS CLIMATE STATION","6","25.0000","42101","Carbon monoxide","16580","Champaign-Urbana, IL","17","Illinois","019","Champaign","40.05278","-88.37251"
"04/18/2018","AQS","170191001","1","0.2","ppm","2","ISWS CLIMATE STATION","13","54.0000","42101","Carbon monoxide","16580","Champaign-Urbana, IL","17","Illinois","019","Champaign","40.05278","-88.37251"
"04/19/2018","AQS","170191001","1","0.2","ppm","2","ISWS CLIMATE STATION","24","100.0000","42101","Carbon monoxide","16580","Champaign-Urbana, IL","17","Illinois","019","Champaign","40.05278","-88.37251"
"04/20/2018","AQS","170191001","1","0.2","ppm","2","ISWS CLIMATE STATION","24","100.0000","42101","Carbon monoxide","16580","Champaign-Urbana, IL","17","Illinois","019","Champaign","40.05278","-88.37251"
"04/21/2018","AQS","170191001","1","0.2","ppm","2","ISWS CLIMATE STATION","24","100.0000","42101","Carbon monoxide","16580","Champaign-Urbana, IL","17","Illinois","019","Champaign","40.05278","-88.37251"
"04/22/2018","AQS","170191001","1","0.2","ppm","2","ISWS CLIMATE STATION","24","100.0000","42101","Carbon monoxide","16580","Champaign-Urbana, IL","17","Illinois","019","Champaign","40.05278","-88.37251"
"04/23/2018","AQS","170191001","1","0.2","ppm","2","ISWS CLIMATE STATION","24","100.0000","42101","Carbon monoxide","16580","Champaign-Urbana, IL","17","Illinois","019","Champaign","40.05278","-88.37251"
"04/24/2018","AQS","170191001","1","0.2","ppm","2","ISWS CLIMATE STATION","19","79.0000","42101","Carbon monoxide","16580","Champaign-Urbana, IL","17","Illinois","019","Champaign","40.05278","-88.37251"
"04/25/2018","AQS","170191001","1","0.2","ppm","2","ISWS CLIMATE STATION","24","100.0000","42101","Carbon monoxide","16580","Champaign-Urbana, IL","17","Illinois","019","Champaign","40.05278","-88.37251"
"04/26/2018","AQS","170191001","1","0.2","ppm","2","ISWS CLIMATE STATION","6","25.0000","42101","Carbon monoxide","16580","Champaign-Urbana, IL","17","Illinois","019","Champaign","40.05278","-88.37251"
"04/30/2018","AQS","170191001","1","0.2","ppm","2","ISWS CLIMATE STATION","13","54.0000","42101","Carbon monoxide","16580","Champaign-Urbana, IL","17","Illinois","019","Champaign","40.05278","-88.37251"
"05/01/2018","AQS","170191001","1","0.2","ppm","2","ISWS CLIMATE STATION","24","100.0000","42101","Carbon monoxide","16580","Champaign-Urbana, IL","17","Illinois","019","Champaign","40.05278","-88.37251"
"05/02/2018","AQS","170191001","1","0.2","ppm","2","ISWS CLIMATE STATION","24","100.0000","42101","Carbon monoxide","16580","Champaign-Urbana, IL","17","Illinois","019","Champaign","40.05278","-88.37251"
"05/03/2018","AQS","170191001","1","0.2","ppm","2","ISWS CLIMATE STATION","24","100.0000","42101","Carbon monoxide","16580","Champaign-Urbana, IL","17","Illinois","019","Champaign","40.05278","-88.37251"
"05/04/2018","AQS","170191001","1","0.1","ppm","1","ISWS CLIMATE STATION","24","100.0000","42101","Carbon monoxide","16580","Champaign-Urbana, IL","17","Illinois","019","Champaign","40.05278","-88.37251"
"05/05/2018","AQS","170191001","1","0.1","ppm","1","ISWS CLIMATE STATION","24","100.0000","42101","Carbon monoxide","16580","Champaign-Urbana, IL","17","Illinois","019","Champaign","40.05278","-88.37251"
"05/06/2018","AQS","170191001","1","0.2","ppm","2","ISWS CLIMATE STATION","24","100.0000","42101","Carbon monoxide","16580","Champaign-Urbana, IL","17","Illinois","019","Champaign","40.05278","-88.37251"
"05/07/2018","AQS","170191001","1","0.2","ppm","2","ISWS CLIMATE STATION","24","100.0000","42101","Carbon monoxide","16580","Champaign-Urbana, IL","17","Illinois","019","Champaign","40.05278","-88.37251"
"05/08/2018","AQS","170191001","1","0.2","ppm","2","ISWS CLIMATE STATION","17","71.0000","42101","Carbon monoxide","16580","Champaign-Urbana, IL","17","Illinois","019","Champaign","40.05278","-88.37251"
"05/09/2018","AQS","170191001","1","0.2","ppm","2","ISWS CLIMATE STATION","24","100.0000","42101","Carbon monoxide","16580","Champaign-Urbana, IL","17","Illinois","019","Champaign","40.05278","-88.37251"
"05/10/2018","AQS","170191001","1","0.1","ppm","1","ISWS CLIMATE STATION","24","100.0000","42101","Carbon monoxide","16580","Champaign-Urbana, IL","17","Illinois","019","Champaign","40.05278","-88.37251"
"05/11/2018","AQS","170191001","1","0.2","ppm","2","ISWS CLIMATE STATION","24","100.0000","42101","Carbon monoxide","16580","Champaign-Urbana, IL","17","Illinois","019","Champaign","40.05278","-88.37251"
"05/12/2018","AQS","170191001","1","0.2","ppm","2","ISWS CLIMATE STATION","24","100.0000","42101","Carbon monoxide","16580","Champaign-Urbana, IL","17","Illinois","019","Champaign","40.05278","-88.37251"
"05/13/2018","AQS","170191001","1","0.2","ppm","2","ISWS CLIMATE STATION","24","100.0000","42101","Carbon monoxide","16580","Champaign-Urbana, IL","17","Illinois","019","Champaign","40.05278","-88.37251"
"05/14/2018","AQS","170191001","1","0.2","ppm","2","ISWS CLIMATE STATION","24","100.0000","42101","Carbon monoxide","16580","Champaign-Urbana, IL","17","Illinois","019","Champaign","40.05278","-88.37251"
"05/15/2018","AQS","170191001","1","0.2","ppm","2","ISWS CLIMATE STATION","24","100.0000","42101","Carbon monoxide","16580","Champaign-Urbana, IL","17","Illinois","019","Champaign","40.05278","-88.37251"
"05/16/2018","AQS","170191001","1","0.2","ppm","2","ISWS CLIMATE STATION","24","100.0000","42101","Carbon monoxide","16580","Champaign-Urbana, IL","17","Illinois","019","Champaign","40.05278","-88.37251"
"05/17/2018","AQS","170191001","1","0.2","ppm","2","ISWS CLIMATE STATION","24","100.0000","42101","Carbon monoxide","16580","Champaign-Urbana, IL","17","Illinois","019","Champaign","40.05278","-88.37251"
"05/18/2018","AQS","170191001","1","0.2","ppm","2","ISWS CLIMATE STATION","24","100.0000","42101","Carbon monoxide","16580","Champaign-Urbana, IL","17","Illinois","019","Champaign","40.05278","-88.37251"
"05/19/2018","AQS","170191001","1","0.2","ppm","2","ISWS CLIMATE STATION","24","100.0000","42101","Carbon monoxide","16580","Champaign-Urbana, IL","17","Illinois","019","Champaign","40.05278","-88.37251"
"05/20/2018","AQS","170191001","1","0.2","ppm","2","ISWS CLIMATE STATION","24","100.0000","42101","Carbon monoxide","16580","Champaign-Urbana, IL","17","Illinois","019","Champaign","40.05278","-88.37251"
"05/21/2018","AQS","170191001","1","0.2","ppm","2","ISWS CLIMATE STATION","24","100.0000","42101","Carbon monoxide","16580","Champaign-Urbana, IL","17","Illinois","019","Champaign","40.05278","-88.37251"
"05/22/2018","AQS","170191001","1","0.2","ppm","2","ISWS CLIMATE STATION","18","75.0000","42101","Carbon monoxide","16580","Champaign-Urbana, IL","17","Illinois","019","Champaign","40.05278","-88.37251"
"05/23/2018","AQS","170191001","1","0.2","ppm","2","ISWS CLIMATE STATION","24","100.0000","42101","Carbon monoxide","16580","Champaign-Urbana, IL","17","Illinois","019","Champaign","40.05278","-88.37251"
"05/24/2018","AQS","170191001","1","0.1","ppm","1","ISWS CLIMATE STATION","24","100.0000","42101","Carbon monoxide","16580","Champaign-Urbana, IL","17","Illinois","019","Champaign","40.05278","-88.37251"
"05/25/2018","AQS","170191001","1","0.2","ppm","2","ISWS CLIMATE STATION","24","100.0000","42101","Carbon monoxide","16580","Champaign-Urbana, IL","17","Illinois","019","Champaign","40.05278","-88.37251"
"05/26/2018","AQS","170191001","1","0.2","ppm","2","ISWS CLIMATE STATION","24","100.0000","42101","Carbon monoxide","16580","Champaign-Urbana, IL","17","Illinois","019","Champaign","40.05278","-88.37251"
"05/27/2018","AQS","170191001","1","0.2","ppm","2","ISWS CLIMATE STATION","24","100.0000","42101","Carbon monoxide","16580","Champaign-Urbana, IL","17","Illinois","019","Champaign","40.05278","-88.37251"
"05/28/2018","AQS","170191001","1","0.2","ppm","2","ISWS CLIMATE STATION","24","100.0000","42101","Carbon monoxide","16580","Champaign-Urbana, IL","17","Illinois","019","Champaign","40.05278","-88.37251"
"05/29/2018","AQS","170191001","1","0.2","ppm","2","ISWS CLIMATE STATION","24","100.0000","42101","Carbon monoxide","16580","Champaign-Urbana, IL","17","Illinois","019","Champaign","40.05278","-88.37251"
"05/30/2018","AQS","170191001","1","0.1","ppm","1","ISWS CLIMATE STATION","24","100.0000","42101","Carbon monoxide","16580","Champaign-Urbana, IL","17","Illinois","019","Champaign","40.05278","-88.37251"
"05/31/2018","AQS","170191001","1","0.1","ppm","1","ISWS CLIMATE STATION","24","100.0000","42101","Carbon monoxide","16580","Champaign-Urbana, IL","17","Illinois","019","Champaign","40.05278","-88.37251"
"06/01/2018","AQS","170191001","1","0.2","ppm","2","ISWS CLIMATE STATION","24","100.0000","42101","Carbon monoxide","16580","Champaign-Urbana, IL","17","Illinois","019","Champaign","40.05278","-88.37251"
"06/02/2018","AQS","170191001","1","0.2","ppm","2","ISWS CLIMATE STATION","20","83.0000","42101","Carbon monoxide","16580","Champaign-Urbana, IL","17","Illinois","019","Champaign","40.05278","-88.37251"
"06/04/2018","AQS","170191001","1","0.1","ppm","1","ISWS CLIMATE STATION","14","58.0000","42101","Carbon monoxide","16580","Champaign-Urbana, IL","17","Illinois","019","Champaign","40.05278","-88.37251"
"06/05/2018","AQS","170191001","1","0.1","ppm","1","ISWS CLIMATE STATION","11","46.0000","42101","Carbon monoxide","16580","Champaign-Urbana, IL","17","Illinois","019","Champaign","40.05278","-88.37251"
"06/06/2018","AQS","170191001","1","0.2","ppm","2","ISWS CLIMATE STATION","24","100.0000","42101","Carbon monoxide","16580","Champaign-Urbana, IL","17","Illinois","019","Champaign","40.05278","-88.37251"
"06/07/2018","AQS","170191001","1","0.2","ppm","2","ISWS CLIMATE STATION","24","100.0000","42101","Carbon monoxide","16580","Champaign-Urbana, IL","17","Illinois","019","Champaign","40.05278","-88.37251"
"06/08/2018","AQS","170191001","1","0.2","ppm","2","ISWS CLIMATE STATION","17","71.0000","42101","Carbon monoxide","16580","Champaign-Urbana, IL","17","Illinois","019","Champaign","40.05278","-88.37251"
"06/11/2018","AQS","170191001","1","0.1","ppm","1","ISWS CLIMATE STATION","15","63.0000","42101","Carbon monoxide","16580","Champaign-Urbana, IL","17","Illinois","019","Champaign","40.05278","-88.37251"
"06/12/2018","AQS","170191001","1","0.1","ppm","1","ISWS CLIMATE STATION","22","92.0000","42101","Carbon monoxide","16580","Champaign-Urbana, IL","17","Illinois","019","Champaign","40.05278","-88.37251"
"06/13/2018","AQS","170191001","1","0.1","ppm","1","ISWS CLIMATE STATION","9","38.0000","42101","Carbon monoxide","16580","Champaign-Urbana, IL","17","Illinois","019","Champaign","40.05278","-88.37251"
"06/14/2018","AQS","170191001","1","0.1","ppm","1","ISWS CLIMATE STATION","24","100.0000","42101","Carbon monoxide","16580","Champaign-Urbana, IL","17","Illinois","019","Champaign","40.05278","-88.37251"
"06/15/2018","AQS","170191001","1","0.1","ppm","1","ISWS CLIMATE STATION","15","63.0000","42101","Carbon monoxide","16580","Champaign-Urbana, IL","17","Illinois","019","Champaign","40.05278","-88.37251"
"06/16/2018","AQS","170191001","1","0.2","ppm","2","ISWS CLIMATE STATION","20","83.0000","42101","Carbon monoxide","16580","Champaign-Urbana, IL","17","Illinois","019","Champaign","40.05278","-88.37251"
"06/17/2018","AQS","170191001","1","0.2","ppm","2","ISWS CLIMATE STATION","24","100.0000","42101","Carbon monoxide","16580","Champaign-Urbana, IL","17","Illinois","019","Champaign","40.05278","-88.37251"
"06/18/2018","AQS","170191001","1","0.2","ppm","2","ISWS CLIMATE STATION","24","100.0000","42101","Carbon monoxide","16580","Champaign-Urbana, IL","17","Illinois","019","Champaign","40.05278","-88.37251"
"06/19/2018","AQS","170191001","1","0.1","ppm","1","ISWS CLIMATE STATION","18","75.0000","42101","Carbon monoxide","16580","Champaign-Urbana, IL","17","Illinois","019","Champaign","40.05278","-88.37251"
"06/20/2018","AQS","170191001","1","0.1","ppm","1","ISWS CLIMATE STATION","17","71.0000","42101","Carbon monoxide","16580","Champaign-Urbana, IL","17","Illinois","019","Champaign","40.05278","-88.37251"
"06/21/2018","AQS","170191001","1","0.1","ppm","1","ISWS CLIMATE STATION","24","100.0000","42101","Carbon monoxide","16580","Champaign-Urbana, IL","17","Illinois","019","Champaign","40.05278","-88.37251"
"06/22/2018","AQS","170191001","1","0.2","ppm","2","ISWS CLIMATE STATION","24","100.0000","42101","Carbon monoxide","16580","Champaign-Urbana, IL","17","Illinois","019","Champaign","40.05278","-88.37251"
"06/23/2018","AQS","170191001","1","0.2","ppm","2","ISWS CLIMATE STATION","24","100.0000","42101","Carbon monoxide","16580","Champaign-Urbana, IL","17","Illinois","019","Champaign","40.05278","-88.37251"
"06/24/2018","AQS","170191001","1","0.2","ppm","2","ISWS CLIMATE STATION","24","100.0000","42101","Carbon monoxide","16580","Champaign-Urbana, IL","17","Illinois","019","Champaign","40.05278","-88.37251"
"06/25/2018","AQS","170191001","1","0.2","ppm","2","ISWS CLIMATE STATION","24","100.0000","42101","Carbon monoxide","16580","Champaign-Urbana, IL","17","Illinois","019","Champaign","40.05278","-88.37251"
"06/26/2018","AQS","170191001","1","0.2","ppm","2","ISWS CLIMATE STATION","24","100.0000","42101","Carbon monoxide","16580","Champaign-Urbana, IL","17","Illinois","019","Champaign","40.05278","-88.37251"
"06/27/2018","AQS","170191001","1","0.2","ppm","2","ISWS CLIMATE STATION","24","100.0000","42101","Carbon monoxide","16580","Champaign-Urbana, IL","17","Illinois","019","Champaign","40.05278","-88.37251"
"06/28/2018","AQS","170191001","1","0.2","ppm","2","ISWS CLIMATE STATION","24","100.0000","42101","Carbon monoxide","16580","Champaign-Urbana, IL","17","Illinois","019","Champaign","40.05278","-88.37251"
"06/29/2018","AQS","170191001","1","0.2","ppm","2","ISWS CLIMATE STATION","24","100.0000","42101","Carbon monoxide","16580","Champaign-Urbana, IL","17","Illinois","019","Champaign","40.05278","-88.37251"
"06/30/2018","AQS","170191001","1","0.2","ppm","2","ISWS CLIMATE STATION","18","75.0000","42101","Carbon monoxide","16580","Champaign-Urbana, IL","17","Illinois","019","Champaign","40.05278","-88.37251"
"07/01/2018","AQS","170191001","1","0.2","ppm","2","ISWS CLIMATE STATION","24","100.0000","42101","Carbon monoxide","16580","Champaign-Urbana, IL","17","Illinois","019","Champaign","40.05278","-88.37251"
"07/02/2018","AQS","170191001","1","0.1","ppm","1","ISWS CLIMATE STATION","24","100.0000","42101","Carbon monoxide","16580","Champaign-Urbana, IL","17","Illinois","019","Champaign","40.05278","-88.37251"
"07/03/2018","AQS","170191001","1","0.2","ppm","2","ISWS CLIMATE STATION","18","75.0000","42101","Carbon monoxide","16580","Champaign-Urbana, IL","17","Illinois","019","Champaign","40.05278","-88.37251"
"07/04/2018","AQS","170191001","1","0.2","ppm","2","ISWS CLIMATE STATION","24","100.0000","42101","Carbon monoxide","16580","Champaign-Urbana, IL","17","Illinois","019","Champaign","40.05278","-88.37251"
"07/05/2018","AQS","170191001","1","0.2","ppm","2","ISWS CLIMATE STATION","24","100.0000","42101","Carbon monoxide","16580","Champaign-Urbana, IL","17","Illinois","019","Champaign","40.05278","-88.37251"
"07/06/2018","AQS","170191001","1","0.2","ppm","2","ISWS CLIMATE STATION","24","100.0000","42101","Carbon monoxide","16580","Champaign-Urbana, IL","17","Illinois","019","Champaign","40.05278","-88.37251"
"07/07/2018","AQS","170191001","1","0.2","ppm","2","ISWS CLIMATE STATION","24","100.0000","42101","Carbon monoxide","16580","Champaign-Urbana, IL","17","Illinois","019","Champaign","40.05278","-88.37251"
"07/08/2018","AQS","170191001","1","0.2","ppm","2","ISWS CLIMATE STATION","24","100.0000","42101","Carbon monoxide","16580","Champaign-Urbana, IL","17","Illinois","019","Champaign","40.05278","-88.37251"
"07/09/2018","AQS","170191001","1","0.2","ppm","2","ISWS CLIMATE STATION","24","100.0000","42101","Carbon monoxide","16580","Champaign-Urbana, IL","17","Illinois","019","Champaign","40.05278","-88.37251"
"07/10/2018","AQS","170191001","1","0.2","ppm","2","ISWS CLIMATE STATION","24","100.0000","42101","Carbon monoxide","16580","Champaign-Urbana, IL","17","Illinois","019","Champaign","40.05278","-88.37251"
"07/11/2018","AQS","170191001","1","0.2","ppm","2","ISWS CLIMATE STATION","24","100.0000","42101","Carbon monoxide","16580","Champaign-Urbana, IL","17","Illinois","019","Champaign","40.05278","-88.37251"
"07/12/2018","AQS","170191001","1","0.2","ppm","2","ISWS CLIMATE STATION","24","100.0000","42101","Carbon monoxide","16580","Champaign-Urbana, IL","17","Illinois","019","Champaign","40.05278","-88.37251"
"07/13/2018","AQS","170191001","1","0.2","ppm","2","ISWS CLIMATE STATION","24","100.0000","42101","Carbon monoxide","16580","Champaign-Urbana, IL","17","Illinois","019","Champaign","40.05278","-88.37251"
"07/14/2018","AQS","170191001","1","0.2","ppm","2","ISWS CLIMATE STATION","24","100.0000","42101","Carbon monoxide","16580","Champaign-Urbana, IL","17","Illinois","019","Champaign","40.05278","-88.37251"
"07/15/2018","AQS","170191001","1","0.2","ppm","2","ISWS CLIMATE STATION","24","100.0000","42101","Carbon monoxide","16580","Champaign-Urbana, IL","17","Illinois","019","Champaign","40.05278","-88.37251"
"07/16/2018","AQS","170191001","1","0.2","ppm","2","ISWS CLIMATE STATION","24","100.0000","42101","Carbon monoxide","16580","Champaign-Urbana, IL","17","Illinois","019","Champaign","40.05278","-88.37251"
"07/17/2018","AQS","170191001","1","0.1","ppm","1","ISWS CLIMATE STATION","18","75.0000","42101","Carbon monoxide","16580","Champaign-Urbana, IL","17","Illinois","019","Champaign","40.05278","-88.37251"
"07/18/2018","AQS","170191001","1","0.1","ppm","1","ISWS CLIMATE STATION","24","100.0000","42101","Carbon monoxide","16580","Champaign-Urbana, IL","17","Illinois","019","Champaign","40.05278","-88.37251"
"07/19/2018","AQS","170191001","1","0.2","ppm","2","ISWS CLIMATE STATION","24","100.0000","42101","Carbon monoxide","16580","Champaign-Urbana, IL","17","Illinois","019","Champaign","40.05278","-88.37251"
"07/20/2018","AQS","170191001","1","0.2","ppm","2","ISWS CLIMATE STATION","24","100.0000","42101","Carbon monoxide","16580","Champaign-Urbana, IL","17","Illinois","019","Champaign","40.05278","-88.37251"
"07/21/2018","AQS","170191001","1","0.2","ppm","2","ISWS CLIMATE STATION","24","100.0000","42101","Carbon monoxide","16580","Champaign-Urbana, IL","17","Illinois","019","Champaign","40.05278","-88.37251"
"07/22/2018","AQS","170191001","1","0.2","ppm","2","ISWS CLIMATE STATION","24","100.0000","42101","Carbon monoxide","16580","Champaign-Urbana, IL","17","Illinois","019","Champaign","40.05278","-88.37251"
"07/23/2018","AQS","170191001","1","0.2","ppm","2","ISWS CLIMATE STATION","24","100.0000","42101","Carbon monoxide","16580","Champaign-Urbana, IL","17","Illinois","019","Champaign","40.05278","-88.37251"
"07/24/2018","AQS","170191001","1","0.2","ppm","2","ISWS CLIMATE STATION","24","100.0000","42101","Carbon monoxide","16580","Champaign-Urbana, IL","17","Illinois","019","Champaign","40.05278","-88.37251"
"07/25/2018","AQS","170191001","1","0.2","ppm","2","ISWS CLIMATE STATION","24","100.0000","42101","Carbon monoxide","16580","Champaign-Urbana, IL","17","Illinois","019","Champaign","40.05278","-88.37251"
"07/26/2018","AQS","170191001","1","0.2","ppm","2","ISWS CLIMATE STATION","24","100.0000","42101","Carbon monoxide","16580","Champaign-Urbana, IL","17","Illinois","019","Champaign","40.05278","-88.37251"
"07/27/2018","AQS","170191001","1","0.1","ppm","1","ISWS CLIMATE STATION","24","100.0000","42101","Carbon monoxide","16580","Champaign-Urbana, IL","17","Illinois","019","Champaign","40.05278","-88.37251"
"07/28/2018","AQS","170191001","1","0.2","ppm","2","ISWS CLIMATE STATION","24","100.0000","42101","Carbon monoxide","16580","Champaign-Urbana, IL","17","Illinois","019","Champaign","40.05278","-88.37251"
"07/29/2018","AQS","170191001","1","0.2","ppm","2","ISWS CLIMATE STATION","24","100.0000","42101","Carbon monoxide","16580","Champaign-Urbana, IL","17","Illinois","019","Champaign","40.05278","-88.37251"
"07/30/2018","AQS","170191001","1","0.2","ppm","2","ISWS CLIMATE STATION","24","100.0000","42101","Carbon monoxide","16580","Champaign-Urbana, IL","17","Illinois","019","Champaign","40.05278","-88.37251"
"07/31/2018","AQS","170191001","1","0.2","ppm","2","ISWS CLIMATE STATION","18","75.0000","42101","Carbon monoxide","16580","Champaign-Urbana, IL","17","Illinois","019","Champaign","40.05278","-88.37251"
"08/01/2018","AQS","170191001","1","0.2","ppm","2","ISWS CLIMATE STATION","24","100.0000","42101","Carbon monoxide","16580","Champaign-Urbana, IL","17","Illinois","019","Champaign","40.05278","-88.37251"
"08/02/2018","AQS","170191001","1","0.2","ppm","2","ISWS CLIMATE STATION","21","88.0000","42101","Carbon monoxide","16580","Champaign-Urbana, IL","17","Illinois","019","Champaign","40.05278","-88.37251"
"08/03/2018","AQS","170191001","1","0.2","ppm","2","ISWS CLIMATE STATION","24","100.0000","42101","Carbon monoxide","16580","Champaign-Urbana, IL","17","Illinois","019","Champaign","40.05278","-88.37251"
"08/04/2018","AQS","170191001","1","0.2","ppm","2","ISWS CLIMATE STATION","24","100.0000","42101","Carbon monoxide","16580","Champaign-Urbana, IL","17","Illinois","019","Champaign","40.05278","-88.37251"
"08/05/2018","AQS","170191001","1","0.2","ppm","2","ISWS CLIMATE STATION","24","100.0000","42101","Carbon monoxide","16580","Champaign-Urbana, IL","17","Illinois","019","Champaign","40.05278","-88.37251"
"08/06/2018","AQS","170191001","1","0.2","ppm","2","ISWS CLIMATE STATION","24","100.0000","42101","Carbon monoxide","16580","Champaign-Urbana, IL","17","Illinois","019","Champaign","40.05278","-88.37251"
"08/07/2018","AQS","170191001","1","0.1","ppm","1","ISWS CLIMATE STATION","24","100.0000","42101","Carbon monoxide","16580","Champaign-Urbana, IL","17","Illinois","019","Champaign","40.05278","-88.37251"
"08/08/2018","AQS","170191001","1","0.2","ppm","2","ISWS CLIMATE STATION","24","100.0000","42101","Carbon monoxide","16580","Champaign-Urbana, IL","17","Illinois","019","Champaign","40.05278","-88.37251"
"08/09/2018","AQS","170191001","1","0.2","ppm","2","ISWS CLIMATE STATION","24","100.0000","42101","Carbon monoxide","16580","Champaign-Urbana, IL","17","Illinois","019","Champaign","40.05278","-88.37251"
"08/10/2018","AQS","170191001","1","0.2","ppm","2","ISWS CLIMATE STATION","24","100.0000","42101","Carbon monoxide","16580","Champaign-Urbana, IL","17","Illinois","019","Champaign","40.05278","-88.37251"
"08/11/2018","AQS","170191001","1","0.2","ppm","2","ISWS CLIMATE STATION","24","100.0000","42101","Carbon monoxide","16580","Champaign-Urbana, IL","17","Illinois","019","Champaign","40.05278","-88.37251"
"08/12/2018","AQS","170191001","1","0.2","ppm","2","ISWS CLIMATE STATION","24","100.0000","42101","Carbon monoxide","16580","Champaign-Urbana, IL","17","Illinois","019","Champaign","40.05278","-88.37251"
"08/13/2018","AQS","170191001","1","0.2","ppm","2","ISWS CLIMATE STATION","24","100.0000","42101","Carbon monoxide","16580","Champaign-Urbana, IL","17","Illinois","019","Champaign","40.05278","-88.37251"
"08/14/2018","AQS","170191001","1","0.2","ppm","2","ISWS CLIMATE STATION","18","75.0000","42101","Carbon monoxide","16580","Champaign-Urbana, IL","17","Illinois","019","Champaign","40.05278","-88.37251"
"08/15/2018","AQS","170191001","1","0.2","ppm","2","ISWS CLIMATE STATION","24","100.0000","42101","Carbon monoxide","16580","Champaign-Urbana, IL","17","Illinois","019","Champaign","40.05278","-88.37251"
"08/16/2018","AQS","170191001","1","0.2","ppm","2","ISWS CLIMATE STATION","24","100.0000","42101","Carbon monoxide","16580","Champaign-Urbana, IL","17","Illinois","019","Champaign","40.05278","-88.37251"
"08/17/2018","AQS","170191001","1","0.2","ppm","2","ISWS CLIMATE STATION","2","8.0000","42101","Carbon monoxide","16580","Champaign-Urbana, IL","17","Illinois","019","Champaign","40.05278","-88.37251"
"08/20/2018","AQS","170191001","1","0.2","ppm","2","ISWS CLIMATE STATION","12","50.0000","42101","Carbon monoxide","16580","Champaign-Urbana, IL","17","Illinois","019","Champaign","40.05278","-88.37251"
"08/21/2018","AQS","170191001","1","0.2","ppm","2","ISWS CLIMATE STATION","24","100.0000","42101","Carbon monoxide","16580","Champaign-Urbana, IL","17","Illinois","019","Champaign","40.05278","-88.37251"
"08/22/2018","AQS","170191001","1","0.2","ppm","2","ISWS CLIMATE STATION","24","100.0000","42101","Carbon monoxide","16580","Champaign-Urbana, IL","17","Illinois","019","Champaign","40.05278","-88.37251"
"08/23/2018","AQS","170191001","1","0.2","ppm","2","ISWS CLIMATE STATION","14","58.0000","42101","Carbon monoxide","16580","Champaign-Urbana, IL","17","Illinois","019","Champaign","40.05278","-88.37251"
"08/24/2018","AQS","170191001","1","0.2","ppm","2","ISWS CLIMATE STATION","9","38.0000","42101","Carbon monoxide","16580","Champaign-Urbana, IL","17","Illinois","019","Champaign","40.05278","-88.37251"
"08/25/2018","AQS","170191001","1","0.3","ppm","3","ISWS CLIMATE STATION","24","100.0000","42101","Carbon monoxide","16580","Champaign-Urbana, IL","17","Illinois","019","Champaign","40.05278","-88.37251"
"08/26/2018","AQS","170191001","1","0.3","ppm","3","ISWS CLIMATE STATION","24","100.0000","42101","Carbon monoxide","16580","Champaign-Urbana, IL","17","Illinois","019","Champaign","40.05278","-88.37251"
"08/27/2018","AQS","170191001","1","0.3","ppm","3","ISWS CLIMATE STATION","24","100.0000","42101","Carbon monoxide","16580","Champaign-Urbana, IL","17","Illinois","019","Champaign","40.05278","-88.37251"
"08/28/2018","AQS","170191001","1","0.2","ppm","2","ISWS CLIMATE STATION","6","25.0000","42101","Carbon monoxide","16580","Champaign-Urbana, IL","17","Illinois","019","Champaign","40.05278","-88.37251"
"01/01/2018","AQS","170314201","1","0.5","ppm","6","NORTHBROOK WATER PLANT","19","79.0000","42101","Carbon monoxide","16980","Chicago-Naperville-Elgin, IL-IN-WI","17","Illinois","031","Cook","42.139996190948","-87.7992269168431"
"01/02/2018","AQS","170314201","1","0.4","ppm","5","NORTHBROOK WATER PLANT","24","100.0000","42101","Carbon monoxide","16980","Chicago-Naperville-Elgin, IL-IN-WI","17","Illinois","031","Cook","42.139996190948","-87.7992269168431"
"01/03/2018","AQS","170314201","1","0.6","ppm","7","NORTHBROOK WATER PLANT","24","100.0000","42101","Carbon monoxide","16980","Chicago-Naperville-Elgin, IL-IN-WI","17","Illinois","031","Cook","42.139996190948","-87.7992269168431"
"01/04/2018","AQS","170314201","1","0.6","ppm","7","NORTHBROOK WATER PLANT","24","100.0000","42101","Carbon monoxide","16980","Chicago-Naperville-Elgin, IL-IN-WI","17","Illinois","031","Cook","42.139996190948","-87.7992269168431"
"01/05/2018","AQS","170314201","1","0.7","ppm","8","NORTHBROOK WATER PLANT","24","100.0000","42101","Carbon monoxide","16980","Chicago-Naperville-Elgin, IL-IN-WI","17","Illinois","031","Cook","42.139996190948","-87.7992269168431"
"01/06/2018","AQS","170314201","1","0.6","ppm","7","NORTHBROOK WATER PLANT","24","100.0000","42101","Carbon monoxide","16980","Chicago-Naperville-Elgin, IL-IN-WI","17","Illinois","031","Cook","42.139996190948","-87.7992269168431"
"01/07/2018","AQS","170314201","1","0.4","ppm","5","NORTHBROOK WATER PLANT","24","100.0000","42101","Carbon monoxide","16980","Chicago-Naperville-Elgin, IL-IN-WI","17","Illinois","031","Cook","42.139996190948","-87.7992269168431"
"01/08/2018","AQS","170314201","1","0.4","ppm","5","NORTHBROOK WATER PLANT","24","100.0000","42101","Carbon monoxide","16980","Chicago-Naperville-Elgin, IL-IN-WI","17","Illinois","031","Cook","42.139996190948","-87.7992269168431"
"01/09/2018","AQS","170314201","1","0.5","ppm","6","NORTHBROOK WATER PLANT","24","100.0000","42101","Carbon monoxide","16980","Chicago-Naperville-Elgin, IL-IN-WI","17","Illinois","031","Cook","42.139996190948","-87.7992269168431"
"01/10/2018","AQS","170314201","1","0.5","ppm","6","NORTHBROOK WATER PLANT","24","100.0000","42101","Carbon monoxide","16980","Chicago-Naperville-Elgin, IL-IN-WI","17","Illinois","031","Cook","42.139996190948","-87.7992269168431"
"01/11/2018","AQS","170314201","1","0.4","ppm","5","NORTHBROOK WATER PLANT","24","100.0000","42101","Carbon monoxide","16980","Chicago-Naperville-Elgin, IL-IN-WI","17","Illinois","031","Cook","42.139996190948","-87.7992269168431"
"01/12/2018","AQS","170314201","1","0.5","ppm","6","NORTHBROOK WATER PLANT","24","100.0000","42101","Carbon monoxide","16980","Chicago-Naperville-Elgin, IL-IN-WI","17","Illinois","031","Cook","42.139996190948","-87.7992269168431"
"01/13/2018","AQS","170314201","1","0.6","ppm","7","NORTHBROOK WATER PLANT","24","100.0000","42101","Carbon monoxide","16980","Chicago-Naperville-Elgin, IL-IN-WI","17","Illinois","031","Cook","42.139996190948","-87.7992269168431"
"01/14/2018","AQS","170314201","1","0.6","ppm","7","NORTHBROOK WATER PLANT","24","100.0000","42101","Carbon monoxide","16980","Chicago-Naperville-Elgin, IL-IN-WI","17","Illinois","031","Cook","42.139996190948","-87.7992269168431"
"01/15/2018","AQS","170314201","1","0.3","ppm","3","NORTHBROOK WATER PLANT","24","100.0000","42101","Carbon monoxide","16980","Chicago-Naperville-Elgin, IL-IN-WI","17","Illinois","031","Cook","42.139996190948","-87.7992269168431"
"01/16/2018","AQS","170314201","1","0.8","ppm","9","NORTHBROOK WATER PLANT","24","100.0000","42101","Carbon monoxide","16980","Chicago-Naperville-Elgin, IL-IN-WI","17","Illinois","031","Cook","42.139996190948","-87.7992269168431"
"01/17/2018","AQS","170314201","1","0.9","ppm","10","NORTHBROOK WATER PLANT","24","100.0000","42101","Carbon monoxide","16980","Chicago-Naperville-Elgin, IL-IN-WI","17","Illinois","031","Cook","42.139996190948","-87.7992269168431"
"01/18/2018","AQS","170314201","1","0.3","ppm","3","NORTHBROOK WATER PLANT","24","100.0000","42101","Carbon monoxide","16980","Chicago-Naperville-Elgin, IL-IN-WI","17","Illinois","031","Cook","42.139996190948","-87.7992269168431"
"01/19/2018","AQS","170314201","1","0.3","ppm","3","NORTHBROOK WATER PLANT","24","100.0000","42101","Carbon monoxide","16980","Chicago-Naperville-Elgin, IL-IN-WI","17","Illinois","031","Cook","42.139996190948","-87.7992269168431"
"01/20/2018","AQS","170314201","1","0.3","ppm","3","NORTHBROOK WATER PLANT","24","100.0000","42101","Carbon monoxide","16980","Chicago-Naperville-Elgin, IL-IN-WI","17","Illinois","031","Cook","42.139996190948","-87.7992269168431"
"01/21/2018","AQS","170314201","1","0.4","ppm","5","NORTHBROOK WATER PLANT","24","100.0000","42101","Carbon monoxide","16980","Chicago-Naperville-Elgin, IL-IN-WI","17","Illinois","031","Cook","42.139996190948","-87.7992269168431"
"01/22/2018","AQS","170314201","1","0.3","ppm","3","NORTHBROOK WATER PLANT","24","100.0000","42101","Carbon monoxide","16980","Chicago-Naperville-Elgin, IL-IN-WI","17","Illinois","031","Cook","42.139996190948","-87.7992269168431"
"01/23/2018","AQS","170314201","1","0.6","ppm","7","NORTHBROOK WATER PLANT","24","100.0000","42101","Carbon monoxide","16980","Chicago-Naperville-Elgin, IL-IN-WI","17","Illinois","031","Cook","42.139996190948","-87.7992269168431"
"01/24/2018","AQS","170314201","1","0.6","ppm","7","NORTHBROOK WATER PLANT","24","100.0000","42101","Carbon monoxide","16980","Chicago-Naperville-Elgin, IL-IN-WI","17","Illinois","031","Cook","42.139996190948","-87.7992269168431"
"01/25/2018","AQS","170314201","1","0.5","ppm","6","NORTHBROOK WATER PLANT","24","100.0000","42101","Carbon monoxide","16980","Chicago-Naperville-Elgin, IL-IN-WI","17","Illinois","031","Cook","42.139996190948","-87.7992269168431"
"01/26/2018","AQS","170314201","1","0.5","ppm","6","NORTHBROOK WATER PLANT","24","100.0000","42101","Carbon monoxide","16980","Chicago-Naperville-Elgin, IL-IN-WI","17","Illinois","031","Cook","42.139996190948","-87.7992269168431"
"01/27/2018","AQS","170314201","1","0.5","ppm","6","NORTHBROOK WATER PLANT","24","100.0000","42101","Carbon monoxide","16980","Chicago-Naperville-Elgin, IL-IN-WI","17","Illinois","031","Cook","42.139996190948","-87.7992269168431"
"01/28/2018","AQS","170314201","1","0.4","ppm","5","NORTHBROOK WATER PLANT","24","100.0000","42101","Carbon monoxide","16980","Chicago-Naperville-Elgin, IL-IN-WI","17","Illinois","031","Cook","42.139996190948","-87.7992269168431"
"01/29/2018","AQS","170314201","1","0.5","ppm","6","NORTHBROOK WATER PLANT","24","100.0000","42101","Carbon monoxide","16980","Chicago-Naperville-Elgin, IL-IN-WI","17","Illinois","031","Cook","42.139996190948","-87.7992269168431"
"01/30/2018","AQS","170314201","1","0.5","ppm","6","NORTHBROOK WATER PLANT","24","100.0000","42101","Carbon monoxide","16980","Chicago-Naperville-Elgin, IL-IN-WI","17","Illinois","031","Cook","42.139996190948","-87.7992269168431"
"01/31/2018","AQS","170314201","1","0.3","ppm","3","NORTHBROOK WATER PLANT","24","100.0000","42101","Carbon monoxide","16980","Chicago-Naperville-Elgin, IL-IN-WI","17","Illinois","031","Cook","42.139996190948","-87.7992269168431"
"02/01/2018","AQS","170314201","1","0.4","ppm","5","NORTHBROOK WATER PLANT","24","100.0000","42101","Carbon monoxide","16980","Chicago-Naperville-Elgin, IL-IN-WI","17","Illinois","031","Cook","42.139996190948","-87.7992269168431"
"02/02/2018","AQS","170314201","1","0.5","ppm","6","NORTHBROOK WATER PLANT","24","100.0000","42101","Carbon monoxide","16980","Chicago-Naperville-Elgin, IL-IN-WI","17","Illinois","031","Cook","42.139996190948","-87.7992269168431"
"02/03/2018","AQS","170314201","1","0.3","ppm","3","NORTHBROOK WATER PLANT","24","100.0000","42101","Carbon monoxide","16980","Chicago-Naperville-Elgin, IL-IN-WI","17","Illinois","031","Cook","42.139996190948","-87.7992269168431"
"02/04/2018","AQS","170314201","1","0.6","ppm","7","NORTHBROOK WATER PLANT","24","100.0000","42101","Carbon monoxide","16980","Chicago-Naperville-Elgin, IL-IN-WI","17","Illinois","031","Cook","42.139996190948","-87.7992269168431"
"02/05/2018","AQS","170314201","1","0.6","ppm","7","NORTHBROOK WATER PLANT","24","100.0000","42101","Carbon monoxide","16980","Chicago-Naperville-Elgin, IL-IN-WI","17","Illinois","031","Cook","42.139996190948","-87.7992269168431"
"02/06/2018","AQS","170314201","1","0.5","ppm","6","NORTHBROOK WATER PLANT","24","100.0000","42101","Carbon monoxide","16980","Chicago-Naperville-Elgin, IL-IN-WI","17","Illinois","031","Cook","42.139996190948","-87.7992269168431"
"02/07/2018","AQS","170314201","1","0.6","ppm","7","NORTHBROOK WATER PLANT","24","100.0000","42101","Carbon monoxide","16980","Chicago-Naperville-Elgin, IL-IN-WI","17","Illinois","031","Cook","42.139996190948","-87.7992269168431"
"02/08/2018","AQS","170314201","1","0.4","ppm","5","NORTHBROOK WATER PLANT","24","100.0000","42101","Carbon monoxide","16980","Chicago-Naperville-Elgin, IL-IN-WI","17","Illinois","031","Cook","42.139996190948","-87.7992269168431"
"02/09/2018","AQS","170314201","1","0.4","ppm","5","NORTHBROOK WATER PLANT","24","100.0000","42101","Carbon monoxide","16980","Chicago-Naperville-Elgin, IL-IN-WI","17","Illinois","031","Cook","42.139996190948","-87.7992269168431"
"02/10/2018","AQS","170314201","1","0.6","ppm","7","NORTHBROOK WATER PLANT","24","100.0000","42101","Carbon monoxide","16980","Chicago-Naperville-Elgin, IL-IN-WI","17","Illinois","031","Cook","42.139996190948","-87.7992269168431"
"02/11/2018","AQS","170314201","1","0.6","ppm","7","NORTHBROOK WATER PLANT","24","100.0000","42101","Carbon monoxide","16980","Chicago-Naperville-Elgin, IL-IN-WI","17","Illinois","031","Cook","42.139996190948","-87.7992269168431"
"02/12/2018","AQS","170314201","1","0.6","ppm","7","NORTHBROOK WATER PLANT","24","100.0000","42101","Carbon monoxide","16980","Chicago-Naperville-Elgin, IL-IN-WI","17","Illinois","031","Cook","42.139996190948","-87.7992269168431"
"02/13/2018","AQS","170314201","1","0.6","ppm","7","NORTHBROOK WATER PLANT","24","100.0000","42101","Carbon monoxide","16980","Chicago-Naperville-Elgin, IL-IN-WI","17","Illinois","031","Cook","42.139996190948","-87.7992269168431"
"02/14/2018","AQS","170314201","1","0.4","ppm","5","NORTHBROOK WATER PLANT","24","100.0000","42101","Carbon monoxide","16980","Chicago-Naperville-Elgin, IL-IN-WI","17","Illinois","031","Cook","42.139996190948","-87.7992269168431"
"02/15/2018","AQS","170314201","1","0.3","ppm","3","NORTHBROOK WATER PLANT","24","100.0000","42101","Carbon monoxide","16980","Chicago-Naperville-Elgin, IL-IN-WI","17","Illinois","031","Cook","42.139996190948","-87.7992269168431"
"02/16/2018","AQS","170314201","1","0.4","ppm","5","NORTHBROOK WATER PLANT","24","100.0000","42101","Carbon monoxide","16980","Chicago-Naperville-Elgin, IL-IN-WI","17","Illinois","031","Cook","42.139996190948","-87.7992269168431"
"02/17/2018","AQS","170314201","1","0.5","ppm","6","NORTHBROOK WATER PLANT","24","100.0000","42101","Carbon monoxide","16980","Chicago-Naperville-Elgin, IL-IN-WI","17","Illinois","031","Cook","42.139996190948","-87.7992269168431"
"02/18/2018","AQS","170314201","1","0.5","ppm","6","NORTHBROOK WATER PLANT","24","100.0000","42101","Carbon monoxide","16980","Chicago-Naperville-Elgin, IL-IN-WI","17","Illinois","031","Cook","42.139996190948","-87.7992269168431"
"02/19/2018","AQS","170314201","1","0.4","ppm","5","NORTHBROOK WATER PLANT","24","100.0000","42101","Carbon monoxide","16980","Chicago-Naperville-Elgin, IL-IN-WI","17","Illinois","031","Cook","42.139996190948","-87.7992269168431"
"02/20/2018","AQS","170314201","1","0.5","ppm","6","NORTHBROOK WATER PLANT","24","100.0000","42101","Carbon monoxide","16980","Chicago-Naperville-Elgin, IL-IN-WI","17","Illinois","031","Cook","42.139996190948","-87.7992269168431"
"02/21/2018","AQS","170314201","1","0.5","ppm","6","NORTHBROOK WATER PLANT","19","79.0000","42101","Carbon monoxide","16980","Chicago-Naperville-Elgin, IL-IN-WI","17","Illinois","031","Cook","42.139996190948","-87.7992269168431"
"03/07/2018","AQS","170314201","1","0.3","ppm","3","NORTHBROOK WATER PLANT","24","100.0000","42101","Carbon monoxide","16980","Chicago-Naperville-Elgin, IL-IN-WI","17","Illinois","031","Cook","42.139996190948","-87.7992269168431"
"03/08/2018","AQS","170314201","1","0.6","ppm","7","NORTHBROOK WATER PLANT","24","100.0000","42101","Carbon monoxide","16980","Chicago-Naperville-Elgin, IL-IN-WI","17","Illinois","031","Cook","42.139996190948","-87.7992269168431"
"03/09/2018","AQS","170314201","1","0.6","ppm","7","NORTHBROOK WATER PLANT","24","100.0000","42101","Carbon monoxide","16980","Chicago-Naperville-Elgin, IL-IN-WI","17","Illinois","031","Cook","42.139996190948","-87.7992269168431"
"03/10/2018","AQS","170314201","1","0.5","ppm","6","NORTHBROOK WATER PLANT","24","100.0000","42101","Carbon monoxide","16980","Chicago-Naperville-Elgin, IL-IN-WI","17","Illinois","031","Cook","42.139996190948","-87.7992269168431"
"03/11/2018","AQS","170314201","1","0.3","ppm","3","NORTHBROOK WATER PLANT","24","100.0000","42101","Carbon monoxide","16980","Chicago-Naperville-Elgin, IL-IN-WI","17","Illinois","031","Cook","42.139996190948","-87.7992269168431"
"03/12/2018","AQS","170314201","1","0.4","ppm","5","NORTHBROOK WATER PLANT","24","100.0000","42101","Carbon monoxide","16980","Chicago-Naperville-Elgin, IL-IN-WI","17","Illinois","031","Cook","42.139996190948","-87.7992269168431"
"03/13/2018","AQS","170314201","1","0.4","ppm","5","NORTHBROOK WATER PLANT","24","100.0000","42101","Carbon monoxide","16980","Chicago-Naperville-Elgin, IL-IN-WI","17","Illinois","031","Cook","42.139996190948","-87.7992269168431"
"03/14/2018","AQS","170314201","1","0.6","ppm","7","NORTHBROOK WATER PLANT","24","100.0000","42101","Carbon monoxide","16980","Chicago-Naperville-Elgin, IL-IN-WI","17","Illinois","031","Cook","42.139996190948","-87.7992269168431"
"03/15/2018","AQS","170314201","1","0.6","ppm","7","NORTHBROOK WATER PLANT","24","100.0000","42101","Carbon monoxide","16980","Chicago-Naperville-Elgin, IL-IN-WI","17","Illinois","031","Cook","42.139996190948","-87.7992269168431"
"03/16/2018","AQS","170314201","1","0.2","ppm","2","NORTHBROOK WATER PLANT","24","100.0000","42101","Carbon monoxide","16980","Chicago-Naperville-Elgin, IL-IN-WI","17","Illinois","031","Cook","42.139996190948","-87.7992269168431"
"03/17/2018","AQS","170314201","1","0.4","ppm","5","NORTHBROOK WATER PLANT","24","100.0000","42101","Carbon monoxide","16980","Chicago-Naperville-Elgin, IL-IN-WI","17","Illinois","031","Cook","42.139996190948","-87.7992269168431"
"03/18/2018","AQS","170314201","1","0.6","ppm","7","NORTHBROOK WATER PLANT","24","100.0000","42101","Carbon monoxide","16980","Chicago-Naperville-Elgin, IL-IN-WI","17","Illinois","031","Cook","42.139996190948","-87.7992269168431"
"03/19/2018","AQS","170314201","1","0.3","ppm","3","NORTHBROOK WATER PLANT","24","100.0000","42101","Carbon monoxide","16980","Chicago-Naperville-Elgin, IL-IN-WI","17","Illinois","031","Cook","42.139996190948","-87.7992269168431"
"03/20/2018","AQS","170314201","1","0.2","ppm","2","NORTHBROOK WATER PLANT","24","100.0000","42101","Carbon monoxide","16980","Chicago-Naperville-Elgin, IL-IN-WI","17","Illinois","031","Cook","42.139996190948","-87.7992269168431"
"03/21/2018","AQS","170314201","1","0.2","ppm","2","NORTHBROOK WATER PLANT","24","100.0000","42101","Carbon monoxide","16980","Chicago-Naperville-Elgin, IL-IN-WI","17","Illinois","031","Cook","42.139996190948","-87.7992269168431"
"03/22/2018","AQS","170314201","1","0.5","ppm","6","NORTHBROOK WATER PLANT","24","100.0000","42101","Carbon monoxide","16980","Chicago-Naperville-Elgin, IL-IN-WI","17","Illinois","031","Cook","42.139996190948","-87.7992269168431"
"03/23/2018","AQS","170314201","1","0.5","ppm","6","NORTHBROOK WATER PLANT","24","100.0000","42101","Carbon monoxide","16980","Chicago-Naperville-Elgin, IL-IN-WI","17","Illinois","031","Cook","42.139996190948","-87.7992269168431"
"03/24/2018","AQS","170314201","1","0.2","ppm","2","NORTHBROOK WATER PLANT","24","100.0000","42101","Carbon monoxide","16980","Chicago-Naperville-Elgin, IL-IN-WI","17","Illinois","031","Cook","42.139996190948","-87.7992269168431"
"03/25/2018","AQS","170314201","1","0.2","ppm","2","NORTHBROOK WATER PLANT","24","100.0000","42101","Carbon monoxide","16980","Chicago-Naperville-Elgin, IL-IN-WI","17","Illinois","031","Cook","42.139996190948","-87.7992269168431"
"03/26/2018","AQS","170314201","1","0.3","ppm","3","NORTHBROOK WATER PLANT","24","100.0000","42101","Carbon monoxide","16980","Chicago-Naperville-Elgin, IL-IN-WI","17","Illinois","031","Cook","42.139996190948","-87.7992269168431"
"03/27/2018","AQS","170314201","1","0.4","ppm","5","NORTHBROOK WATER PLANT","24","100.0000","42101","Carbon monoxide","16980","Chicago-Naperville-Elgin, IL-IN-WI","17","Illinois","031","Cook","42.139996190948","-87.7992269168431"
"03/28/2018","AQS","170314201","1","0.4","ppm","5","NORTHBROOK WATER PLANT","24","100.0000","42101","Carbon monoxide","16980","Chicago-Naperville-Elgin, IL-IN-WI","17","Illinois","031","Cook","42.139996190948","-87.7992269168431"
"03/29/2018","AQS","170314201","1","0.5","ppm","6","NORTHBROOK WATER PLANT","24","100.0000","42101","Carbon monoxide","16980","Chicago-Naperville-Elgin, IL-IN-WI","17","Illinois","031","Cook","42.139996190948","-87.7992269168431"
"03/30/2018","AQS","170314201","1","0.4","ppm","5","NORTHBROOK WATER PLANT","24","100.0000","42101","Carbon monoxide","16980","Chicago-Naperville-Elgin, IL-IN-WI","17","Illinois","031","Cook","42.139996190948","-87.7992269168431"
"03/31/2018","AQS","170314201","1","0.4","ppm","5","NORTHBROOK WATER PLANT","24","100.0000","42101","Carbon monoxide","16980","Chicago-Naperville-Elgin, IL-IN-WI","17","Illinois","031","Cook","42.139996190948","-87.7992269168431"
"04/01/2018","AQS","170314201","1","0.5","ppm","6","NORTHBROOK WATER PLANT","24","100.0000","42101","Carbon monoxide","16980","Chicago-Naperville-Elgin, IL-IN-WI","17","Illinois","031","Cook","42.139996190948","-87.7992269168431"
"04/02/2018","AQS","170314201","1","0.4","ppm","5","NORTHBROOK WATER PLANT","24","100.0000","42101","Carbon monoxide","16980","Chicago-Naperville-Elgin, IL-IN-WI","17","Illinois","031","Cook","42.139996190948","-87.7992269168431"
"04/03/2018","AQS","170314201","1","0.4","ppm","5","NORTHBROOK WATER PLANT","24","100.0000","42101","Carbon monoxide","16980","Chicago-Naperville-Elgin, IL-IN-WI","17","Illinois","031","Cook","42.139996190948","-87.7992269168431"
"04/04/2018","AQS","170314201","1","0.5","ppm","6","NORTHBROOK WATER PLANT","24","100.0000","42101","Carbon monoxide","16980","Chicago-Naperville-Elgin, IL-IN-WI","17","Illinois","031","Cook","42.139996190948","-87.7992269168431"
"04/05/2018","AQS","170314201","1","0.6","ppm","7","NORTHBROOK WATER PLANT","24","100.0000","42101","Carbon monoxide","16980","Chicago-Naperville-Elgin, IL-IN-WI","17","Illinois","031","Cook","42.139996190948","-87.7992269168431"
"04/06/2018","AQS","170314201","1","0.5","ppm","6","NORTHBROOK WATER PLANT","24","100.0000","42101","Carbon monoxide","16980","Chicago-Naperville-Elgin, IL-IN-WI","17","Illinois","031","Cook","42.139996190948","-87.7992269168431"
"04/07/2018","AQS","170314201","1","0.5","ppm","6","NORTHBROOK WATER PLANT","24","100.0000","42101","Carbon monoxide","16980","Chicago-Naperville-Elgin, IL-IN-WI","17","Illinois","031","Cook","42.139996190948","-87.7992269168431"
"04/08/2018","AQS","170314201","1","0.5","ppm","6","NORTHBROOK WATER PLANT","24","100.0000","42101","Carbon monoxide","16980","Chicago-Naperville-Elgin, IL-IN-WI","17","Illinois","031","Cook","42.139996190948","-87.7992269168431"
"04/09/2018","AQS","170314201","1","0.3","ppm","3","NORTHBROOK WATER PLANT","24","100.0000","42101","Carbon monoxide","16980","Chicago-Naperville-Elgin, IL-IN-WI","17","Illinois","031","Cook","42.139996190948","-87.7992269168431"
"04/10/2018","AQS","170314201","1","0.5","ppm","6","NORTHBROOK WATER PLANT","24","100.0000","42101","Carbon monoxide","16980","Chicago-Naperville-Elgin, IL-IN-WI","17","Illinois","031","Cook","42.139996190948","-87.7992269168431"
"04/11/2018","AQS","170314201","1","0.3","ppm","3","NORTHBROOK WATER PLANT","24","100.0000","42101","Carbon monoxide","16980","Chicago-Naperville-Elgin, IL-IN-WI","17","Illinois","031","Cook","42.139996190948","-87.7992269168431"
"04/12/2018","AQS","170314201","1","0.2","ppm","2","NORTHBROOK WATER PLANT","24","100.0000","42101","Carbon monoxide","16980","Chicago-Naperville-Elgin, IL-IN-WI","17","Illinois","031","Cook","42.139996190948","-87.7992269168431"
"04/13/2018","AQS","170314201","1","0.3","ppm","3","NORTHBROOK WATER PLANT","24","100.0000","42101","Carbon monoxide","16980","Chicago-Naperville-Elgin, IL-IN-WI","17","Illinois","031","Cook","42.139996190948","-87.7992269168431"
"04/14/2018","AQS","170314201","1","0.2","ppm","2","NORTHBROOK WATER PLANT","24","100.0000","42101","Carbon monoxide","16980","Chicago-Naperville-Elgin, IL-IN-WI","17","Illinois","031","Cook","42.139996190948","-87.7992269168431"
"04/15/2018","AQS","170314201","1","0.4","ppm","5","NORTHBROOK WATER PLANT","24","100.0000","42101","Carbon monoxide","16980","Chicago-Naperville-Elgin, IL-IN-WI","17","Illinois","031","Cook","42.139996190948","-87.7992269168431"
"04/16/2018","AQS","170314201","1","0.6","ppm","7","NORTHBROOK WATER PLANT","24","100.0000","42101","Carbon monoxide","16980","Chicago-Naperville-Elgin, IL-IN-WI","17","Illinois","031","Cook","42.139996190948","-87.7992269168431"
"04/17/2018","AQS","170314201","1","0.5","ppm","6","NORTHBROOK WATER PLANT","24","100.0000","42101","Carbon monoxide","16980","Chicago-Naperville-Elgin, IL-IN-WI","17","Illinois","031","Cook","42.139996190948","-87.7992269168431"
"04/18/2018","AQS","170314201","1","0.3","ppm","3","NORTHBROOK WATER PLANT","24","100.0000","42101","Carbon monoxide","16980","Chicago-Naperville-Elgin, IL-IN-WI","17","Illinois","031","Cook","42.139996190948","-87.7992269168431"
"04/19/2018","AQS","170314201","1","0.4","ppm","5","NORTHBROOK WATER PLANT","24","100.0000","42101","Carbon monoxide","16980","Chicago-Naperville-Elgin, IL-IN-WI","17","Illinois","031","Cook","42.139996190948","-87.7992269168431"
"04/20/2018","AQS","170314201","1","0.6","ppm","7","NORTHBROOK WATER PLANT","24","100.0000","42101","Carbon monoxide","16980","Chicago-Naperville-Elgin, IL-IN-WI","17","Illinois","031","Cook","42.139996190948","-87.7992269168431"
"04/21/2018","AQS","170314201","1","0.5","ppm","6","NORTHBROOK WATER PLANT","24","100.0000","42101","Carbon monoxide","16980","Chicago-Naperville-Elgin, IL-IN-WI","17","Illinois","031","Cook","42.139996190948","-87.7992269168431"
"04/22/2018","AQS","170314201","1","0.3","ppm","3","NORTHBROOK WATER PLANT","24","100.0000","42101","Carbon monoxide","16980","Chicago-Naperville-Elgin, IL-IN-WI","17","Illinois","031","Cook","42.139996190948","-87.7992269168431"
"04/23/2018","AQS","170314201","1","0.2","ppm","2","NORTHBROOK WATER PLANT","24","100.0000","42101","Carbon monoxide","16980","Chicago-Naperville-Elgin, IL-IN-WI","17","Illinois","031","Cook","42.139996190948","-87.7992269168431"
"04/24/2018","AQS","170314201","1","0.2","ppm","2","NORTHBROOK WATER PLANT","24","100.0000","42101","Carbon monoxide","16980","Chicago-Naperville-Elgin, IL-IN-WI","17","Illinois","031","Cook","42.139996190948","-87.7992269168431"
"04/25/2018","AQS","170314201","1","0.3","ppm","3","NORTHBROOK WATER PLANT","24","100.0000","42101","Carbon monoxide","16980","Chicago-Naperville-Elgin, IL-IN-WI","17","Illinois","031","Cook","42.139996190948","-87.7992269168431"
"04/26/2018","AQS","170314201","1","0.4","ppm","5","NORTHBROOK WATER PLANT","24","100.0000","42101","Carbon monoxide","16980","Chicago-Naperville-Elgin, IL-IN-WI","17","Illinois","031","Cook","42.139996190948","-87.7992269168431"
"04/27/2018","AQS","170314201","1","0.4","ppm","5","NORTHBROOK WATER PLANT","9","38.0000","42101","Carbon monoxide","16980","Chicago-Naperville-Elgin, IL-IN-WI","17","Illinois","031","Cook","42.139996190948","-87.7992269168431"
"05/02/2018","AQS","170314201","1","0.2","ppm","2","NORTHBROOK WATER PLANT","4","17.0000","42101","Carbon monoxide","16980","Chicago-Naperville-Elgin, IL-IN-WI","17","Illinois","031","Cook","42.139996190948","-87.7992269168431"
"05/03/2018","AQS","170314201","1","0.2","ppm","2","NORTHBROOK WATER PLANT","24","100.0000","42101","Carbon monoxide","16980","Chicago-Naperville-Elgin, IL-IN-WI","17","Illinois","031","Cook","42.139996190948","-87.7992269168431"
"05/04/2018","AQS","170314201","1","0.3","ppm","3","NORTHBROOK WATER PLANT","17","71.0000","42101","Carbon monoxide","16980","Chicago-Naperville-Elgin, IL-IN-WI","17","Illinois","031","Cook","42.139996190948","-87.7992269168431"
"05/08/2018","AQS","170314201","1","0.4","ppm","5","NORTHBROOK WATER PLANT","3","13.0000","42101","Carbon monoxide","16980","Chicago-Naperville-Elgin, IL-IN-WI","17","Illinois","031","Cook","42.139996190948","-87.7992269168431"
"05/09/2018","AQS","170314201","1","0.3","ppm","3","NORTHBROOK WATER PLANT","24","100.0000","42101","Carbon monoxide","16980","Chicago-Naperville-Elgin, IL-IN-WI","17","Illinois","031","Cook","42.139996190948","-87.7992269168431"
"05/10/2018","AQS","170314201","1","0.2","ppm","2","NORTHBROOK WATER PLANT","24","100.0000","42101","Carbon monoxide","16980","Chicago-Naperville-Elgin, IL-IN-WI","17","Illinois","031","Cook","42.139996190948","-87.7992269168431"
"05/11/2018","AQS","170314201","1","0.2","ppm","2","NORTHBROOK WATER PLANT","24","100.0000","42101","Carbon monoxide","16980","Chicago-Naperville-Elgin, IL-IN-WI","17","Illinois","031","Cook","42.139996190948","-87.7992269168431"
"05/12/2018","AQS","170314201","1","0.2","ppm","2","NORTHBROOK WATER PLANT","24","100.0000","42101","Carbon monoxide","16980","Chicago-Naperville-Elgin, IL-IN-WI","17","Illinois","031","Cook","42.139996190948","-87.7992269168431"
"05/13/2018","AQS","170314201","1","0.2","ppm","2","NORTHBROOK WATER PLANT","24","100.0000","42101","Carbon monoxide","16980","Chicago-Naperville-Elgin, IL-IN-WI","17","Illinois","031","Cook","42.139996190948","-87.7992269168431"
"05/14/2018","AQS","170314201","1","0.4","ppm","5","NORTHBROOK WATER PLANT","24","100.0000","42101","Carbon monoxide","16980","Chicago-Naperville-Elgin, IL-IN-WI","17","Illinois","031","Cook","42.139996190948","-87.7992269168431"
"05/15/2018","AQS","170314201","1","0.2","ppm","2","NORTHBROOK WATER PLANT","6","25.0000","42101","Carbon monoxide","16980","Chicago-Naperville-Elgin, IL-IN-WI","17","Illinois","031","Cook","42.139996190948","-87.7992269168431"
"05/16/2018","AQS","170314201","1","0.2","ppm","2","NORTHBROOK WATER PLANT","5","21.0000","42101","Carbon monoxide","16980","Chicago-Naperville-Elgin, IL-IN-WI","17","Illinois","031","Cook","42.139996190948","-87.7992269168431"
"05/17/2018","AQS","170314201","1","0.4","ppm","5","NORTHBROOK WATER PLANT","24","100.0000","42101","Carbon monoxide","16980","Chicago-Naperville-Elgin, IL-IN-WI","17","Illinois","031","Cook","42.139996190948","-87.7992269168431"
"05/18/2018","AQS","170314201","1","0.2","ppm","2","NORTHBROOK WATER PLANT","24","100.0000","42101","Carbon monoxide","16980","Chicago-Naperville-Elgin, IL-IN-WI","17","Illinois","031","Cook","42.139996190948","-87.7992269168431"
"05/19/2018","AQS","170314201","1","0.2","ppm","2","NORTHBROOK WATER PLANT","24","100.0000","42101","Carbon monoxide","16980","Chicago-Naperville-Elgin, IL-IN-WI","17","Illinois","031","Cook","42.139996190948","-87.7992269168431"
"05/20/2018","AQS","170314201","1","0.2","ppm","2","NORTHBROOK WATER PLANT","24","100.0000","42101","Carbon monoxide","16980","Chicago-Naperville-Elgin, IL-IN-WI","17","Illinois","031","Cook","42.139996190948","-87.7992269168431"
"05/21/2018","AQS","170314201","1","0.2","ppm","2","NORTHBROOK WATER PLANT","24","100.0000","42101","Carbon monoxide","16980","Chicago-Naperville-Elgin, IL-IN-WI","17","Illinois","031","Cook","42.139996190948","-87.7992269168431"
"05/22/2018","AQS","170314201","1","0.2","ppm","2","NORTHBROOK WATER PLANT","24","100.0000","42101","Carbon monoxide","16980","Chicago-Naperville-Elgin, IL-IN-WI","17","Illinois","031","Cook","42.139996190948","-87.7992269168431"
"05/23/2018","AQS","170314201","1","0.5","ppm","6","NORTHBROOK WATER PLANT","24","100.0000","42101","Carbon monoxide","16980","Chicago-Naperville-Elgin, IL-IN-WI","17","Illinois","031","Cook","42.139996190948","-87.7992269168431"
"05/24/2018","AQS","170314201","1","0.3","ppm","3","NORTHBROOK WATER PLANT","24","100.0000","42101","Carbon monoxide","16980","Chicago-Naperville-Elgin, IL-IN-WI","17","Illinois","031","Cook","42.139996190948","-87.7992269168431"
"05/25/2018","AQS","170314201","1","0.4","ppm","5","NORTHBROOK WATER PLANT","24","100.0000","42101","Carbon monoxide","16980","Chicago-Naperville-Elgin, IL-IN-WI","17","Illinois","031","Cook","42.139996190948","-87.7992269168431"
"05/26/2018","AQS","170314201","1","0.2","ppm","2","NORTHBROOK WATER PLANT","24","100.0000","42101","Carbon monoxide","16980","Chicago-Naperville-Elgin, IL-IN-WI","17","Illinois","031","Cook","42.139996190948","-87.7992269168431"
"05/27/2018","AQS","170314201","1","0.5","ppm","6","NORTHBROOK WATER PLANT","24","100.0000","42101","Carbon monoxide","16980","Chicago-Naperville-Elgin, IL-IN-WI","17","Illinois","031","Cook","42.139996190948","-87.7992269168431"
"05/28/2018","AQS","170314201","1","0.4","ppm","5","NORTHBROOK WATER PLANT","24","100.0000","42101","Carbon monoxide","16980","Chicago-Naperville-Elgin, IL-IN-WI","17","Illinois","031","Cook","42.139996190948","-87.7992269168431"
"05/29/2018","AQS","170314201","1","0.2","ppm","2","NORTHBROOK WATER PLANT","24","100.0000","42101","Carbon monoxide","16980","Chicago-Naperville-Elgin, IL-IN-WI","17","Illinois","031","Cook","42.139996190948","-87.7992269168431"
"05/30/2018","AQS","170314201","1","0.2","ppm","2","NORTHBROOK WATER PLANT","24","100.0000","42101","Carbon monoxide","16980","Chicago-Naperville-Elgin, IL-IN-WI","17","Illinois","031","Cook","42.139996190948","-87.7992269168431"
"05/31/2018","AQS","170314201","1","0.2","ppm","2","NORTHBROOK WATER PLANT","18","75.0000","42101","Carbon monoxide","16980","Chicago-Naperville-Elgin, IL-IN-WI","17","Illinois","031","Cook","42.139996190948","-87.7992269168431"
"06/01/2018","AQS","170314201","1","0.2","ppm","2","NORTHBROOK WATER PLANT","24","100.0000","42101","Carbon monoxide","16980","Chicago-Naperville-Elgin, IL-IN-WI","17","Illinois","031","Cook","42.139996190948","-87.7992269168431"
"06/02/2018","AQS","170314201","1","0.1","ppm","1","NORTHBROOK WATER PLANT","24","100.0000","42101","Carbon monoxide","16980","Chicago-Naperville-Elgin, IL-IN-WI","17","Illinois","031","Cook","42.139996190948","-87.7992269168431"
"06/03/2018","AQS","170314201","1","0.2","ppm","2","NORTHBROOK WATER PLANT","24","100.0000","42101","Carbon monoxide","16980","Chicago-Naperville-Elgin, IL-IN-WI","17","Illinois","031","Cook","42.139996190948","-87.7992269168431"
"06/04/2018","AQS","170314201","1","0.2","ppm","2","NORTHBROOK WATER PLANT","24","100.0000","42101","Carbon monoxide","16980","Chicago-Naperville-Elgin, IL-IN-WI","17","Illinois","031","Cook","42.139996190948","-87.7992269168431"
"06/05/2018","AQS","170314201","1","0.2","ppm","2","NORTHBROOK WATER PLANT","24","100.0000","42101","Carbon monoxide","16980","Chicago-Naperville-Elgin, IL-IN-WI","17","Illinois","031","Cook","42.139996190948","-87.7992269168431"
"06/06/2018","AQS","170314201","1","0.2","ppm","2","NORTHBROOK WATER PLANT","24","100.0000","42101","Carbon monoxide","16980","Chicago-Naperville-Elgin, IL-IN-WI","17","Illinois","031","Cook","42.139996190948","-87.7992269168431"
"06/07/2018","AQS","170314201","1","0.2","ppm","2","NORTHBROOK WATER PLANT","24","100.0000","42101","Carbon monoxide","16980","Chicago-Naperville-Elgin, IL-IN-WI","17","Illinois","031","Cook","42.139996190948","-87.7992269168431"
"06/08/2018","AQS","170314201","1","0.2","ppm","2","NORTHBROOK WATER PLANT","24","100.0000","42101","Carbon monoxide","16980","Chicago-Naperville-Elgin, IL-IN-WI","17","Illinois","031","Cook","42.139996190948","-87.7992269168431"
"06/09/2018","AQS","170314201","1","0.2","ppm","2","NORTHBROOK WATER PLANT","24","100.0000","42101","Carbon monoxide","16980","Chicago-Naperville-Elgin, IL-IN-WI","17","Illinois","031","Cook","42.139996190948","-87.7992269168431"
"06/10/2018","AQS","170314201","1","0.3","ppm","3","NORTHBROOK WATER PLANT","24","100.0000","42101","Carbon monoxide","16980","Chicago-Naperville-Elgin, IL-IN-WI","17","Illinois","031","Cook","42.139996190948","-87.7992269168431"
"06/11/2018","AQS","170314201","1","0.2","ppm","2","NORTHBROOK WATER PLANT","24","100.0000","42101","Carbon monoxide","16980","Chicago-Naperville-Elgin, IL-IN-WI","17","Illinois","031","Cook","42.139996190948","-87.7992269168431"
"06/12/2018","AQS","170314201","1","0.3","ppm","3","NORTHBROOK WATER PLANT","24","100.0000","42101","Carbon monoxide","16980","Chicago-Naperville-Elgin, IL-IN-WI","17","Illinois","031","Cook","42.139996190948","-87.7992269168431"
"06/13/2018","AQS","170314201","1","0.3","ppm","3","NORTHBROOK WATER PLANT","24","100.0000","42101","Carbon monoxide","16980","Chicago-Naperville-Elgin, IL-IN-WI","17","Illinois","031","Cook","42.139996190948","-87.7992269168431"
"06/14/2018","AQS","170314201","1","0.4","ppm","5","NORTHBROOK WATER PLANT","24","100.0000","42101","Carbon monoxide","16980","Chicago-Naperville-Elgin, IL-IN-WI","17","Illinois","031","Cook","42.139996190948","-87.7992269168431"
"06/15/2018","AQS","170314201","1","0.3","ppm","3","NORTHBROOK WATER PLANT","24","100.0000","42101","Carbon monoxide","16980","Chicago-Naperville-Elgin, IL-IN-WI","17","Illinois","031","Cook","42.139996190948","-87.7992269168431"
"06/16/2018","AQS","170314201","1","0.3","ppm","3","NORTHBROOK WATER PLANT","24","100.0000","42101","Carbon monoxide","16980","Chicago-Naperville-Elgin, IL-IN-WI","17","Illinois","031","Cook","42.139996190948","-87.7992269168431"
"06/17/2018","AQS","170314201","1","0.3","ppm","3","NORTHBROOK WATER PLANT","24","100.0000","42101","Carbon monoxide","16980","Chicago-Naperville-Elgin, IL-IN-WI","17","Illinois","031","Cook","42.139996190948","-87.7992269168431"
"06/18/2018","AQS","170314201","1","0.2","ppm","2","NORTHBROOK WATER PLANT","24","100.0000","42101","Carbon monoxide","16980","Chicago-Naperville-Elgin, IL-IN-WI","17","Illinois","031","Cook","42.139996190948","-87.7992269168431"
"06/19/2018","AQS","170314201","1","0.2","ppm","2","NORTHBROOK WATER PLANT","24","100.0000","42101","Carbon monoxide","16980","Chicago-Naperville-Elgin, IL-IN-WI","17","Illinois","031","Cook","42.139996190948","-87.7992269168431"
"06/20/2018","AQS","170314201","1","0.2","ppm","2","NORTHBROOK WATER PLANT","24","100.0000","42101","Carbon monoxide","16980","Chicago-Naperville-Elgin, IL-IN-WI","17","Illinois","031","Cook","42.139996190948","-87.7992269168431"
"06/21/2018","AQS","170314201","1","0.2","ppm","2","NORTHBROOK WATER PLANT","24","100.0000","42101","Carbon monoxide","16980","Chicago-Naperville-Elgin, IL-IN-WI","17","Illinois","031","Cook","42.139996190948","-87.7992269168431"
"06/22/2018","AQS","170314201","1","0.2","ppm","2","NORTHBROOK WATER PLANT","24","100.0000","42101","Carbon monoxide","16980","Chicago-Naperville-Elgin, IL-IN-WI","17","Illinois","031","Cook","42.139996190948","-87.7992269168431"
"06/23/2018","AQS","170314201","1","0.2","ppm","2","NORTHBROOK WATER PLANT","24","100.0000","42101","Carbon monoxide","16980","Chicago-Naperville-Elgin, IL-IN-WI","17","Illinois","031","Cook","42.139996190948","-87.7992269168431"
"06/24/2018","AQS","170314201","1","0.2","ppm","2","NORTHBROOK WATER PLANT","24","100.0000","42101","Carbon monoxide","16980","Chicago-Naperville-Elgin, IL-IN-WI","17","Illinois","031","Cook","42.139996190948","-87.7992269168431"
"06/25/2018","AQS","170314201","1","0.2","ppm","2","NORTHBROOK WATER PLANT","24","100.0000","42101","Carbon monoxide","16980","Chicago-Naperville-Elgin, IL-IN-WI","17","Illinois","031","Cook","42.139996190948","-87.7992269168431"
"06/26/2018","AQS","170314201","1","0.2","ppm","2","NORTHBROOK WATER PLANT","24","100.0000","42101","Carbon monoxide","16980","Chicago-Naperville-Elgin, IL-IN-WI","17","Illinois","031","Cook","42.139996190948","-87.7992269168431"
"06/27/2018","AQS","170314201","1","0.2","ppm","2","NORTHBROOK WATER PLANT","24","100.0000","42101","Carbon monoxide","16980","Chicago-Naperville-Elgin, IL-IN-WI","17","Illinois","031","Cook","42.139996190948","-87.7992269168431"
"06/28/2018","AQS","170314201","1","0.4","ppm","5","NORTHBROOK WATER PLANT","24","100.0000","42101","Carbon monoxide","16980","Chicago-Naperville-Elgin, IL-IN-WI","17","Illinois","031","Cook","42.139996190948","-87.7992269168431"
"06/29/2018","AQS","170314201","1","0.3","ppm","3","NORTHBROOK WATER PLANT","24","100.0000","42101","Carbon monoxide","16980","Chicago-Naperville-Elgin, IL-IN-WI","17","Illinois","031","Cook","42.139996190948","-87.7992269168431"
"06/30/2018","AQS","170314201","1","0.2","ppm","2","NORTHBROOK WATER PLANT","24","100.0000","42101","Carbon monoxide","16980","Chicago-Naperville-Elgin, IL-IN-WI","17","Illinois","031","Cook","42.139996190948","-87.7992269168431"
"07/01/2018","AQS","170314201","1","0.2","ppm","2","NORTHBROOK WATER PLANT","24","100.0000","42101","Carbon monoxide","16980","Chicago-Naperville-Elgin, IL-IN-WI","17","Illinois","031","Cook","42.139996190948","-87.7992269168431"
"07/02/2018","AQS","170314201","1","0.2","ppm","2","NORTHBROOK WATER PLANT","24","100.0000","42101","Carbon monoxide","16980","Chicago-Naperville-Elgin, IL-IN-WI","17","Illinois","031","Cook","42.139996190948","-87.7992269168431"
"07/03/2018","AQS","170314201","1","0.2","ppm","2","NORTHBROOK WATER PLANT","24","100.0000","42101","Carbon monoxide","16980","Chicago-Naperville-Elgin, IL-IN-WI","17","Illinois","031","Cook","42.139996190948","-87.7992269168431"
"07/04/2018","AQS","170314201","1","0.2","ppm","2","NORTHBROOK WATER PLANT","24","100.0000","42101","Carbon monoxide","16980","Chicago-Naperville-Elgin, IL-IN-WI","17","Illinois","031","Cook","42.139996190948","-87.7992269168431"
"07/05/2018","AQS","170314201","1","0.2","ppm","2","NORTHBROOK WATER PLANT","24","100.0000","42101","Carbon monoxide","16980","Chicago-Naperville-Elgin, IL-IN-WI","17","Illinois","031","Cook","42.139996190948","-87.7992269168431"
"07/06/2018","AQS","170314201","1","0.2","ppm","2","NORTHBROOK WATER PLANT","16","67.0000","42101","Carbon monoxide","16980","Chicago-Naperville-Elgin, IL-IN-WI","17","Illinois","031","Cook","42.139996190948","-87.7992269168431"
"07/07/2018","AQS","170314201","1","0.1","ppm","1","NORTHBROOK WATER PLANT","24","100.0000","42101","Carbon monoxide","16980","Chicago-Naperville-Elgin, IL-IN-WI","17","Illinois","031","Cook","42.139996190948","-87.7992269168431"
"07/08/2018","AQS","170314201","1","0.2","ppm","2","NORTHBROOK WATER PLANT","24","100.0000","42101","Carbon monoxide","16980","Chicago-Naperville-Elgin, IL-IN-WI","17","Illinois","031","Cook","42.139996190948","-87.7992269168431"
"07/09/2018","AQS","170314201","1","0.3","ppm","3","NORTHBROOK WATER PLANT","24","100.0000","42101","Carbon monoxide","16980","Chicago-Naperville-Elgin, IL-IN-WI","17","Illinois","031","Cook","42.139996190948","-87.7992269168431"
"07/10/2018","AQS","170314201","1","0.2","ppm","2","NORTHBROOK WATER PLANT","24","100.0000","42101","Carbon monoxide","16980","Chicago-Naperville-Elgin, IL-IN-WI","17","Illinois","031","Cook","42.139996190948","-87.7992269168431"
"07/11/2018","AQS","170314201","1","0.2","ppm","2","NORTHBROOK WATER PLANT","24","100.0000","42101","Carbon monoxide","16980","Chicago-Naperville-Elgin, IL-IN-WI","17","Illinois","031","Cook","42.139996190948","-87.7992269168431"
"07/12/2018","AQS","170314201","1","0.3","ppm","3","NORTHBROOK WATER PLANT","24","100.0000","42101","Carbon monoxide","16980","Chicago-Naperville-Elgin, IL-IN-WI","17","Illinois","031","Cook","42.139996190948","-87.7992269168431"
"07/13/2018","AQS","170314201","1","0.3","ppm","3","NORTHBROOK WATER PLANT","24","100.0000","42101","Carbon monoxide","16980","Chicago-Naperville-Elgin, IL-IN-WI","17","Illinois","031","Cook","42.139996190948","-87.7992269168431"
"07/14/2018","AQS","170314201","1","0.3","ppm","3","NORTHBROOK WATER PLANT","24","100.0000","42101","Carbon monoxide","16980","Chicago-Naperville-Elgin, IL-IN-WI","17","Illinois","031","Cook","42.139996190948","-87.7992269168431"
"07/15/2018","AQS","170314201","1","0.4","ppm","5","NORTHBROOK WATER PLANT","24","100.0000","42101","Carbon monoxide","16980","Chicago-Naperville-Elgin, IL-IN-WI","17","Illinois","031","Cook","42.139996190948","-87.7992269168431"
"07/16/2018","AQS","170314201","1","0.4","ppm","5","NORTHBROOK WATER PLANT","24","100.0000","42101","Carbon monoxide","16980","Chicago-Naperville-Elgin, IL-IN-WI","17","Illinois","031","Cook","42.139996190948","-87.7992269168431"
"07/17/2018","AQS","170314201","1","0.2","ppm","2","NORTHBROOK WATER PLANT","24","100.0000","42101","Carbon monoxide","16980","Chicago-Naperville-Elgin, IL-IN-WI","17","Illinois","031","Cook","42.139996190948","-87.7992269168431"
"07/18/2018","AQS","170314201","1","0.1","ppm","1","NORTHBROOK WATER PLANT","24","100.0000","42101","Carbon monoxide","16980","Chicago-Naperville-Elgin, IL-IN-WI","17","Illinois","031","Cook","42.139996190948","-87.7992269168431"
"07/19/2018","AQS","170314201","1","0.2","ppm","2","NORTHBROOK WATER PLANT","24","100.0000","42101","Carbon monoxide","16980","Chicago-Naperville-Elgin, IL-IN-WI","17","Illinois","031","Cook","42.139996190948","-87.7992269168431"
"07/20/2018","AQS","170314201","1","0.2","ppm","2","NORTHBROOK WATER PLANT","24","100.0000","42101","Carbon monoxide","16980","Chicago-Naperville-Elgin, IL-IN-WI","17","Illinois","031","Cook","42.139996190948","-87.7992269168431"
"07/21/2018","AQS","170314201","1","0.2","ppm","2","NORTHBROOK WATER PLANT","24","100.0000","42101","Carbon monoxide","16980","Chicago-Naperville-Elgin, IL-IN-WI","17","Illinois","031","Cook","42.139996190948","-87.7992269168431"
"07/22/2018","AQS","170314201","1","0.3","ppm","3","NORTHBROOK WATER PLANT","24","100.0000","42101","Carbon monoxide","16980","Chicago-Naperville-Elgin, IL-IN-WI","17","Illinois","031","Cook","42.139996190948","-87.7992269168431"
"07/23/2018","AQS","170314201","1","0.2","ppm","2","NORTHBROOK WATER PLANT","24","100.0000","42101","Carbon monoxide","16980","Chicago-Naperville-Elgin, IL-IN-WI","17","Illinois","031","Cook","42.139996190948","-87.7992269168431"
"07/24/2018","AQS","170314201","1","0.2","ppm","2","NORTHBROOK WATER PLANT","24","100.0000","42101","Carbon monoxide","16980","Chicago-Naperville-Elgin, IL-IN-WI","17","Illinois","031","Cook","42.139996190948","-87.7992269168431"
"07/25/2018","AQS","170314201","1","0.2","ppm","2","NORTHBROOK WATER PLANT","24","100.0000","42101","Carbon monoxide","16980","Chicago-Naperville-Elgin, IL-IN-WI","17","Illinois","031","Cook","42.139996190948","-87.7992269168431"
"07/26/2018","AQS","170314201","1","0.2","ppm","2","NORTHBROOK WATER PLANT","24","100.0000","42101","Carbon monoxide","16980","Chicago-Naperville-Elgin, IL-IN-WI","17","Illinois","031","Cook","42.139996190948","-87.7992269168431"
"07/27/2018","AQS","170314201","1","0.1","ppm","1","NORTHBROOK WATER PLANT","24","100.0000","42101","Carbon monoxide","16980","Chicago-Naperville-Elgin, IL-IN-WI","17","Illinois","031","Cook","42.139996190948","-87.7992269168431"
"07/28/2018","AQS","170314201","1","0.2","ppm","2","NORTHBROOK WATER PLANT","24","100.0000","42101","Carbon monoxide","16980","Chicago-Naperville-Elgin, IL-IN-WI","17","Illinois","031","Cook","42.139996190948","-87.7992269168431"
"07/29/2018","AQS","170314201","1","0.3","ppm","3","NORTHBROOK WATER PLANT","24","100.0000","42101","Carbon monoxide","16980","Chicago-Naperville-Elgin, IL-IN-WI","17","Illinois","031","Cook","42.139996190948","-87.7992269168431"
"07/30/2018","AQS","170314201","1","0.2","ppm","2","NORTHBROOK WATER PLANT","24","100.0000","42101","Carbon monoxide","16980","Chicago-Naperville-Elgin, IL-IN-WI","17","Illinois","031","Cook","42.139996190948","-87.7992269168431"
"07/31/2018","AQS","170314201","1","0.2","ppm","2","NORTHBROOK WATER PLANT","24","100.0000","42101","Carbon monoxide","16980","Chicago-Naperville-Elgin, IL-IN-WI","17","Illinois","031","Cook","42.139996190948","-87.7992269168431"
"08/01/2018","AQS","170314201","1","0.3","ppm","3","NORTHBROOK WATER PLANT","24","100.0000","42101","Carbon monoxide","16980","Chicago-Naperville-Elgin, IL-IN-WI","17","Illinois","031","Cook","42.139996190948","-87.7992269168431"
"08/02/2018","AQS","170314201","1","0.2","ppm","2","NORTHBROOK WATER PLANT","24","100.0000","42101","Carbon monoxide","16980","Chicago-Naperville-Elgin, IL-IN-WI","17","Illinois","031","Cook","42.139996190948","-87.7992269168431"
"08/03/2018","AQS","170314201","1","0.3","ppm","3","NORTHBROOK WATER PLANT","24","100.0000","42101","Carbon monoxide","16980","Chicago-Naperville-Elgin, IL-IN-WI","17","Illinois","031","Cook","42.139996190948","-87.7992269168431"
"08/04/2018","AQS","170314201","1","0.3","ppm","3","NORTHBROOK WATER PLANT","24","100.0000","42101","Carbon monoxide","16980","Chicago-Naperville-Elgin, IL-IN-WI","17","Illinois","031","Cook","42.139996190948","-87.7992269168431"
"08/05/2018","AQS","170314201","1","0.2","ppm","2","NORTHBROOK WATER PLANT","24","100.0000","42101","Carbon monoxide","16980","Chicago-Naperville-Elgin, IL-IN-WI","17","Illinois","031","Cook","42.139996190948","-87.7992269168431"
"08/06/2018","AQS","170314201","1","0.2","ppm","2","NORTHBROOK WATER PLANT","24","100.0000","42101","Carbon monoxide","16980","Chicago-Naperville-Elgin, IL-IN-WI","17","Illinois","031","Cook","42.139996190948","-87.7992269168431"
"08/07/2018","AQS","170314201","1","0.2","ppm","2","NORTHBROOK WATER PLANT","24","100.0000","42101","Carbon monoxide","16980","Chicago-Naperville-Elgin, IL-IN-WI","17","Illinois","031","Cook","42.139996190948","-87.7992269168431"
"08/08/2018","AQS","170314201","1","0.2","ppm","2","NORTHBROOK WATER PLANT","24","100.0000","42101","Carbon monoxide","16980","Chicago-Naperville-Elgin, IL-IN-WI","17","Illinois","031","Cook","42.139996190948","-87.7992269168431"
"08/09/2018","AQS","170314201","1","0.2","ppm","2","NORTHBROOK WATER PLANT","24","100.0000","42101","Carbon monoxide","16980","Chicago-Naperville-Elgin, IL-IN-WI","17","Illinois","031","Cook","42.139996190948","-87.7992269168431"
"08/10/2018","AQS","170314201","1","0.2","ppm","2","NORTHBROOK WATER PLANT","24","100.0000","42101","Carbon monoxide","16980","Chicago-Naperville-Elgin, IL-IN-WI","17","Illinois","031","Cook","42.139996190948","-87.7992269168431"
"08/11/2018","AQS","170314201","1","0.3","ppm","3","NORTHBROOK WATER PLANT","24","100.0000","42101","Carbon monoxide","16980","Chicago-Naperville-Elgin, IL-IN-WI","17","Illinois","031","Cook","42.139996190948","-87.7992269168431"
"08/12/2018","AQS","170314201","1","0.4","ppm","5","NORTHBROOK WATER PLANT","24","100.0000","42101","Carbon monoxide","16980","Chicago-Naperville-Elgin, IL-IN-WI","17","Illinois","031","Cook","42.139996190948","-87.7992269168431"
"08/13/2018","AQS","170314201","1","0.3","ppm","3","NORTHBROOK WATER PLANT","24","100.0000","42101","Carbon monoxide","16980","Chicago-Naperville-Elgin, IL-IN-WI","17","Illinois","031","Cook","42.139996190948","-87.7992269168431"
"08/14/2018","AQS","170314201","1","0.4","ppm","5","NORTHBROOK WATER PLANT","24","100.0000","42101","Carbon monoxide","16980","Chicago-Naperville-Elgin, IL-IN-WI","17","Illinois","031","Cook","42.139996190948","-87.7992269168431"
"08/15/2018","AQS","170314201","1","0.4","ppm","5","NORTHBROOK WATER PLANT","24","100.0000","42101","Carbon monoxide","16980","Chicago-Naperville-Elgin, IL-IN-WI","17","Illinois","031","Cook","42.139996190948","-87.7992269168431"
"08/16/2018","AQS","170314201","1","0.2","ppm","2","NORTHBROOK WATER PLANT","24","100.0000","42101","Carbon monoxide","16980","Chicago-Naperville-Elgin, IL-IN-WI","17","Illinois","031","Cook","42.139996190948","-87.7992269168431"
"08/17/2018","AQS","170314201","1","0.3","ppm","3","NORTHBROOK WATER PLANT","24","100.0000","42101","Carbon monoxide","16980","Chicago-Naperville-Elgin, IL-IN-WI","17","Illinois","031","Cook","42.139996190948","-87.7992269168431"
"08/18/2018","AQS","170314201","1","0.2","ppm","2","NORTHBROOK WATER PLANT","24","100.0000","42101","Carbon monoxide","16980","Chicago-Naperville-Elgin, IL-IN-WI","17","Illinois","031","Cook","42.139996190948","-87.7992269168431"
"08/19/2018","AQS","170314201","1","0.3","ppm","3","NORTHBROOK WATER PLANT","24","100.0000","42101","Carbon monoxide","16980","Chicago-Naperville-Elgin, IL-IN-WI","17","Illinois","031","Cook","42.139996190948","-87.7992269168431"
"08/20/2018","AQS","170314201","1","0.3","ppm","3","NORTHBROOK WATER PLANT","24","100.0000","42101","Carbon monoxide","16980","Chicago-Naperville-Elgin, IL-IN-WI","17","Illinois","031","Cook","42.139996190948","-87.7992269168431"
"08/21/2018","AQS","170314201","1","0.3","ppm","3","NORTHBROOK WATER PLANT","24","100.0000","42101","Carbon monoxide","16980","Chicago-Naperville-Elgin, IL-IN-WI","17","Illinois","031","Cook","42.139996190948","-87.7992269168431"
"08/22/2018","AQS","170314201","1","0.2","ppm","2","NORTHBROOK WATER PLANT","24","100.0000","42101","Carbon monoxide","16980","Chicago-Naperville-Elgin, IL-IN-WI","17","Illinois","031","Cook","42.139996190948","-87.7992269168431"
"08/23/2018","AQS","170314201","1","0.3","ppm","3","NORTHBROOK WATER PLANT","24","100.0000","42101","Carbon monoxide","16980","Chicago-Naperville-Elgin, IL-IN-WI","17","Illinois","031","Cook","42.139996190948","-87.7992269168431"
"08/24/2018","AQS","170314201","1","0.2","ppm","2","NORTHBROOK WATER PLANT","24","100.0000","42101","Carbon monoxide","16980","Chicago-Naperville-Elgin, IL-IN-WI","17","Illinois","031","Cook","42.139996190948","-87.7992269168431"
"08/25/2018","AQS","170314201","1","0.4","ppm","5","NORTHBROOK WATER PLANT","24","100.0000","42101","Carbon monoxide","16980","Chicago-Naperville-Elgin, IL-IN-WI","17","Illinois","031","Cook","42.139996190948","-87.7992269168431"
"08/26/2018","AQS","170314201","1","0.6","ppm","7","NORTHBROOK WATER PLANT","24","100.0000","42101","Carbon monoxide","16980","Chicago-Naperville-Elgin, IL-IN-WI","17","Illinois","031","Cook","42.139996190948","-87.7992269168431"
"08/27/2018","AQS","170314201","1","0.3","ppm","3","NORTHBROOK WATER PLANT","24","100.0000","42101","Carbon monoxide","16980","Chicago-Naperville-Elgin, IL-IN-WI","17","Illinois","031","Cook","42.139996190948","-87.7992269168431"
"08/28/2018","AQS","170314201","1","0.2","ppm","2","NORTHBROOK WATER PLANT","24","100.0000","42101","Carbon monoxide","16980","Chicago-Naperville-Elgin, IL-IN-WI","17","Illinois","031","Cook","42.139996190948","-87.7992269168431"
"08/29/2018","AQS","170314201","1","0.2","ppm","2","NORTHBROOK WATER PLANT","24","100.0000","42101","Carbon monoxide","16980","Chicago-Naperville-Elgin, IL-IN-WI","17","Illinois","031","Cook","42.139996190948","-87.7992269168431"
"08/30/2018","AQS","170314201","1","0.2","ppm","2","NORTHBROOK WATER PLANT","24","100.0000","42101","Carbon monoxide","16980","Chicago-Naperville-Elgin, IL-IN-WI","17","Illinois","031","Cook","42.139996190948","-87.7992269168431"
"08/31/2018","AQS","170314201","1","0.3","ppm","3","NORTHBROOK WATER PLANT","12","50.0000","42101","Carbon monoxide","16980","Chicago-Naperville-Elgin, IL-IN-WI","17","Illinois","031","Cook","42.139996190948","-87.7992269168431"
"09/01/2018","AQS","170314201","1","0","ppm","0","NORTHBROOK WATER PLANT","14","58.0000","42101","Carbon monoxide","16980","Chicago-Naperville-Elgin, IL-IN-WI","17","Illinois","031","Cook","42.139996190948","-87.7992269168431"
"09/02/2018","AQS","170314201","1","0.1","ppm","1","NORTHBROOK WATER PLANT","24","100.0000","42101","Carbon monoxide","16980","Chicago-Naperville-Elgin, IL-IN-WI","17","Illinois","031","Cook","42.139996190948","-87.7992269168431"
"09/03/2018","AQS","170314201","1","0.2","ppm","2","NORTHBROOK WATER PLANT","24","100.0000","42101","Carbon monoxide","16980","Chicago-Naperville-Elgin, IL-IN-WI","17","Illinois","031","Cook","42.139996190948","-87.7992269168431"
"09/04/2018","AQS","170314201","1","0.2","ppm","2","NORTHBROOK WATER PLANT","24","100.0000","42101","Carbon monoxide","16980","Chicago-Naperville-Elgin, IL-IN-WI","17","Illinois","031","Cook","42.139996190948","-87.7992269168431"
"09/05/2018","AQS","170314201","1","0.2","ppm","2","NORTHBROOK WATER PLANT","24","100.0000","42101","Carbon monoxide","16980","Chicago-Naperville-Elgin, IL-IN-WI","17","Illinois","031","Cook","42.139996190948","-87.7992269168431"
"09/06/2018","AQS","170314201","1","0.2","ppm","2","NORTHBROOK WATER PLANT","24","100.0000","42101","Carbon monoxide","16980","Chicago-Naperville-Elgin, IL-IN-WI","17","Illinois","031","Cook","42.139996190948","-87.7992269168431"
"09/07/2018","AQS","170314201","1","0.2","ppm","2","NORTHBROOK WATER PLANT","24","100.0000","42101","Carbon monoxide","16980","Chicago-Naperville-Elgin, IL-IN-WI","17","Illinois","031","Cook","42.139996190948","-87.7992269168431"
"09/08/2018","AQS","170314201","1","0.2","ppm","2","NORTHBROOK WATER PLANT","24","100.0000","42101","Carbon monoxide","16980","Chicago-Naperville-Elgin, IL-IN-WI","17","Illinois","031","Cook","42.139996190948","-87.7992269168431"
"09/09/2018","AQS","170314201","1","0.1","ppm","1","NORTHBROOK WATER PLANT","24","100.0000","42101","Carbon monoxide","16980","Chicago-Naperville-Elgin, IL-IN-WI","17","Illinois","031","Cook","42.139996190948","-87.7992269168431"
"09/10/2018","AQS","170314201","1","0.2","ppm","2","NORTHBROOK WATER PLANT","24","100.0000","42101","Carbon monoxide","16980","Chicago-Naperville-Elgin, IL-IN-WI","17","Illinois","031","Cook","42.139996190948","-87.7992269168431"
"09/11/2018","AQS","170314201","1","0.3","ppm","3","NORTHBROOK WATER PLANT","24","100.0000","42101","Carbon monoxide","16980","Chicago-Naperville-Elgin, IL-IN-WI","17","Illinois","031","Cook","42.139996190948","-87.7992269168431"
"09/12/2018","AQS","170314201","1","0.3","ppm","3","NORTHBROOK WATER PLANT","24","100.0000","42101","Carbon monoxide","16980","Chicago-Naperville-Elgin, IL-IN-WI","17","Illinois","031","Cook","42.139996190948","-87.7992269168431"
"09/13/2018","AQS","170314201","1","0.2","ppm","2","NORTHBROOK WATER PLANT","6","25.0000","42101","Carbon monoxide","16980","Chicago-Naperville-Elgin, IL-IN-WI","17","Illinois","031","Cook","42.139996190948","-87.7992269168431"
"09/14/2018","AQS","170314201","1","0.3","ppm","3","NORTHBROOK WATER PLANT","14","58.0000","42101","Carbon monoxide","16980","Chicago-Naperville-Elgin, IL-IN-WI","17","Illinois","031","Cook","42.139996190948","-87.7992269168431"
"09/15/2018","AQS","170314201","1","0.4","ppm","5","NORTHBROOK WATER PLANT","24","100.0000","42101","Carbon monoxide","16980","Chicago-Naperville-Elgin, IL-IN-WI","17","Illinois","031","Cook","42.139996190948","-87.7992269168431"
"09/16/2018","AQS","170314201","1","0.3","ppm","3","NORTHBROOK WATER PLANT","24","100.0000","42101","Carbon monoxide","16980","Chicago-Naperville-Elgin, IL-IN-WI","17","Illinois","031","Cook","42.139996190948","-87.7992269168431"
"09/17/2018","AQS","170314201","1","0.4","ppm","5","NORTHBROOK WATER PLANT","24","100.0000","42101","Carbon monoxide","16980","Chicago-Naperville-Elgin, IL-IN-WI","17","Illinois","031","Cook","42.139996190948","-87.7992269168431"
"09/18/2018","AQS","170314201","1","0.3","ppm","3","NORTHBROOK WATER PLANT","24","100.0000","42101","Carbon monoxide","16980","Chicago-Naperville-Elgin, IL-IN-WI","17","Illinois","031","Cook","42.139996190948","-87.7992269168431"
"09/19/2018","AQS","170314201","1","0.2","ppm","2","NORTHBROOK WATER PLANT","24","100.0000","42101","Carbon monoxide","16980","Chicago-Naperville-Elgin, IL-IN-WI","17","Illinois","031","Cook","42.139996190948","-87.7992269168431"
"09/20/2018","AQS","170314201","1","0.3","ppm","3","NORTHBROOK WATER PLANT","24","100.0000","42101","Carbon monoxide","16980","Chicago-Naperville-Elgin, IL-IN-WI","17","Illinois","031","Cook","42.139996190948","-87.7992269168431"
"09/21/2018","AQS","170314201","1","0.2","ppm","2","NORTHBROOK WATER PLANT","24","100.0000","42101","Carbon monoxide","16980","Chicago-Naperville-Elgin, IL-IN-WI","17","Illinois","031","Cook","42.139996190948","-87.7992269168431"
"09/22/2018","AQS","170314201","1","0.2","ppm","2","NORTHBROOK WATER PLANT","24","100.0000","42101","Carbon monoxide","16980","Chicago-Naperville-Elgin, IL-IN-WI","17","Illinois","031","Cook","42.139996190948","-87.7992269168431"
"09/23/2018","AQS","170314201","1","0.4","ppm","5","NORTHBROOK WATER PLANT","24","100.0000","42101","Carbon monoxide","16980","Chicago-Naperville-Elgin, IL-IN-WI","17","Illinois","031","Cook","42.139996190948","-87.7992269168431"
"09/24/2018","AQS","170314201","1","0.3","ppm","3","NORTHBROOK WATER PLANT","24","100.0000","42101","Carbon monoxide","16980","Chicago-Naperville-Elgin, IL-IN-WI","17","Illinois","031","Cook","42.139996190948","-87.7992269168431"
"09/25/2018","AQS","170314201","1","0.2","ppm","2","NORTHBROOK WATER PLANT","16","67.0000","42101","Carbon monoxide","16980","Chicago-Naperville-Elgin, IL-IN-WI","17","Illinois","031","Cook","42.139996190948","-87.7992269168431"
"09/26/2018","AQS","170314201","1","0.2","ppm","2","NORTHBROOK WATER PLANT","24","100.0000","42101","Carbon monoxide","16980","Chicago-Naperville-Elgin, IL-IN-WI","17","Illinois","031","Cook","42.139996190948","-87.7992269168431"
"09/27/2018","AQS","170314201","1","0.3","ppm","3","NORTHBROOK WATER PLANT","14","58.0000","42101","Carbon monoxide","16980","Chicago-Naperville-Elgin, IL-IN-WI","17","Illinois","031","Cook","42.139996190948","-87.7992269168431"
"09/28/2018","AQS","170314201","1","0.2","ppm","2","NORTHBROOK WATER PLANT","24","100.0000","42101","Carbon monoxide","16980","Chicago-Naperville-Elgin, IL-IN-WI","17","Illinois","031","Cook","42.139996190948","-87.7992269168431"
"09/29/2018","AQS","170314201","1","0.2","ppm","2","NORTHBROOK WATER PLANT","24","100.0000","42101","Carbon monoxide","16980","Chicago-Naperville-Elgin, IL-IN-WI","17","Illinois","031","Cook","42.139996190948","-87.7992269168431"
"09/30/2018","AQS","170314201","1","0.2","ppm","2","NORTHBROOK WATER PLANT","24","100.0000","42101","Carbon monoxide","16980","Chicago-Naperville-Elgin, IL-IN-WI","17","Illinois","031","Cook","42.139996190948","-87.7992269168431"
"10/01/2018","AQS","170314201","1","0.2","ppm","2","NORTHBROOK WATER PLANT","2","8.0000","42101","Carbon monoxide","16980","Chicago-Naperville-Elgin, IL-IN-WI","17","Illinois","031","Cook","42.139996190948","-87.7992269168431"
"01/01/2018","AQS","171630010","1","0.2","ppm","2","IEPA-RAPS TRAILER","19","79.0000","42101","Carbon monoxide","41180","St. Louis, MO-IL","17","Illinois","163","Saint Clair","38.6120344810656","-90.1604766324869"
"01/02/2018","AQS","171630010","1","0.3","ppm","3","IEPA-RAPS TRAILER","24","100.0000","42101","Carbon monoxide","41180","St. Louis, MO-IL","17","Illinois","163","Saint Clair","38.6120344810656","-90.1604766324869"
"01/03/2018","AQS","171630010","1","0.2","ppm","2","IEPA-RAPS TRAILER","24","100.0000","42101","Carbon monoxide","41180","St. Louis, MO-IL","17","Illinois","163","Saint Clair","38.6120344810656","-90.1604766324869"
"01/04/2018","AQS","171630010","1","0.2","ppm","2","IEPA-RAPS TRAILER","24","100.0000","42101","Carbon monoxide","41180","St. Louis, MO-IL","17","Illinois","163","Saint Clair","38.6120344810656","-90.1604766324869"
"01/05/2018","AQS","171630010","1","0.2","ppm","2","IEPA-RAPS TRAILER","24","100.0000","42101","Carbon monoxide","41180","St. Louis, MO-IL","17","Illinois","163","Saint Clair","38.6120344810656","-90.1604766324869"
"01/06/2018","AQS","171630010","1","0.2","ppm","2","IEPA-RAPS TRAILER","24","100.0000","42101","Carbon monoxide","41180","St. Louis, MO-IL","17","Illinois","163","Saint Clair","38.6120344810656","-90.1604766324869"
"01/07/2018","AQS","171630010","1","0.2","ppm","2","IEPA-RAPS TRAILER","24","100.0000","42101","Carbon monoxide","41180","St. Louis, MO-IL","17","Illinois","163","Saint Clair","38.6120344810656","-90.1604766324869"
"01/08/2018","AQS","171630010","1","0.3","ppm","3","IEPA-RAPS TRAILER","24","100.0000","42101","Carbon monoxide","41180","St. Louis, MO-IL","17","Illinois","163","Saint Clair","38.6120344810656","-90.1604766324869"
"01/09/2018","AQS","171630010","1","0.3","ppm","3","IEPA-RAPS TRAILER","24","100.0000","42101","Carbon monoxide","41180","St. Louis, MO-IL","17","Illinois","163","Saint Clair","38.6120344810656","-90.1604766324869"
"01/10/2018","AQS","171630010","1","0.3","ppm","3","IEPA-RAPS TRAILER","24","100.0000","42101","Carbon monoxide","41180","St. Louis, MO-IL","17","Illinois","163","Saint Clair","38.6120344810656","-90.1604766324869"
"01/11/2018","AQS","171630010","1","0.2","ppm","2","IEPA-RAPS TRAILER","24","100.0000","42101","Carbon monoxide","41180","St. Louis, MO-IL","17","Illinois","163","Saint Clair","38.6120344810656","-90.1604766324869"
"01/12/2018","AQS","171630010","1","0.2","ppm","2","IEPA-RAPS TRAILER","24","100.0000","42101","Carbon monoxide","41180","St. Louis, MO-IL","17","Illinois","163","Saint Clair","38.6120344810656","-90.1604766324869"
"01/13/2018","AQS","171630010","1","0.2","ppm","2","IEPA-RAPS TRAILER","24","100.0000","42101","Carbon monoxide","41180","St. Louis, MO-IL","17","Illinois","163","Saint Clair","38.6120344810656","-90.1604766324869"
"01/14/2018","AQS","171630010","1","0.5","ppm","6","IEPA-RAPS TRAILER","24","100.0000","42101","Carbon monoxide","41180","St. Louis, MO-IL","17","Illinois","163","Saint Clair","38.6120344810656","-90.1604766324869"
"01/15/2018","AQS","171630010","1","0.2","ppm","2","IEPA-RAPS TRAILER","24","100.0000","42101","Carbon monoxide","41180","St. Louis, MO-IL","17","Illinois","163","Saint Clair","38.6120344810656","-90.1604766324869"
"01/16/2018","AQS","171630010","1","0.2","ppm","2","IEPA-RAPS TRAILER","24","100.0000","42101","Carbon monoxide","41180","St. Louis, MO-IL","17","Illinois","163","Saint Clair","38.6120344810656","-90.1604766324869"
"01/17/2018","AQS","171630010","1","0.2","ppm","2","IEPA-RAPS TRAILER","24","100.0000","42101","Carbon monoxide","41180","St. Louis, MO-IL","17","Illinois","163","Saint Clair","38.6120344810656","-90.1604766324869"
"01/18/2018","AQS","171630010","1","0.2","ppm","2","IEPA-RAPS TRAILER","24","100.0000","42101","Carbon monoxide","41180","St. Louis, MO-IL","17","Illinois","163","Saint Clair","38.6120344810656","-90.1604766324869"
"01/19/2018","AQS","171630010","1","0.2","ppm","2","IEPA-RAPS TRAILER","24","100.0000","42101","Carbon monoxide","41180","St. Louis, MO-IL","17","Illinois","163","Saint Clair","38.6120344810656","-90.1604766324869"
"01/20/2018","AQS","171630010","1","0.2","ppm","2","IEPA-RAPS TRAILER","24","100.0000","42101","Carbon monoxide","41180","St. Louis, MO-IL","17","Illinois","163","Saint Clair","38.6120344810656","-90.1604766324869"
"01/21/2018","AQS","171630010","1","0.3","ppm","3","IEPA-RAPS TRAILER","24","100.0000","42101","Carbon monoxide","41180","St. Louis, MO-IL","17","Illinois","163","Saint Clair","38.6120344810656","-90.1604766324869"
"01/22/2018","AQS","171630010","1","0.2","ppm","2","IEPA-RAPS TRAILER","24","100.0000","42101","Carbon monoxide","41180","St. Louis, MO-IL","17","Illinois","163","Saint Clair","38.6120344810656","-90.1604766324869"
"01/23/2018","AQS","171630010","1","0.2","ppm","2","IEPA-RAPS TRAILER","24","100.0000","42101","Carbon monoxide","41180","St. Louis, MO-IL","17","Illinois","163","Saint Clair","38.6120344810656","-90.1604766324869"
"01/24/2018","AQS","171630010","1","0.6","ppm","7","IEPA-RAPS TRAILER","24","100.0000","42101","Carbon monoxide","41180","St. Louis, MO-IL","17","Illinois","163","Saint Clair","38.6120344810656","-90.1604766324869"
"01/25/2018","AQS","171630010","1","0.6","ppm","7","IEPA-RAPS TRAILER","24","100.0000","42101","Carbon monoxide","41180","St. Louis, MO-IL","17","Illinois","163","Saint Clair","38.6120344810656","-90.1604766324869"
"01/26/2018","AQS","171630010","1","0.2","ppm","2","IEPA-RAPS TRAILER","24","100.0000","42101","Carbon monoxide","41180","St. Louis, MO-IL","17","Illinois","163","Saint Clair","38.6120344810656","-90.1604766324869"
"01/27/2018","AQS","171630010","1","0.8","ppm","9","IEPA-RAPS TRAILER","24","100.0000","42101","Carbon monoxide","41180","St. Louis, MO-IL","17","Illinois","163","Saint Clair","38.6120344810656","-90.1604766324869"
"01/28/2018","AQS","171630010","1","0.9","ppm","10","IEPA-RAPS TRAILER","24","100.0000","42101","Carbon monoxide","41180","St. Louis, MO-IL","17","Illinois","163","Saint Clair","38.6120344810656","-90.1604766324869"
"01/29/2018","AQS","171630010","1","0.3","ppm","3","IEPA-RAPS TRAILER","24","100.0000","42101","Carbon monoxide","41180","St. Louis, MO-IL","17","Illinois","163","Saint Clair","38.6120344810656","-90.1604766324869"
"01/30/2018","AQS","171630010","1","0.5","ppm","6","IEPA-RAPS TRAILER","24","100.0000","42101","Carbon monoxide","41180","St. Louis, MO-IL","17","Illinois","163","Saint Clair","38.6120344810656","-90.1604766324869"
"01/31/2018","AQS","171630010","1","0.7","ppm","8","IEPA-RAPS TRAILER","24","100.0000","42101","Carbon monoxide","41180","St. Louis, MO-IL","17","Illinois","163","Saint Clair","38.6120344810656","-90.1604766324869"
"02/01/2018","AQS","171630010","1","0.7","ppm","8","IEPA-RAPS TRAILER","24","100.0000","42101","Carbon monoxide","41180","St. Louis, MO-IL","17","Illinois","163","Saint Clair","38.6120344810656","-90.1604766324869"
"02/02/2018","AQS","171630010","1","0.3","ppm","3","IEPA-RAPS TRAILER","24","100.0000","42101","Carbon monoxide","41180","St. Louis, MO-IL","17","Illinois","163","Saint Clair","38.6120344810656","-90.1604766324869"
"02/03/2018","AQS","171630010","1","0.3","ppm","3","IEPA-RAPS TRAILER","24","100.0000","42101","Carbon monoxide","41180","St. Louis, MO-IL","17","Illinois","163","Saint Clair","38.6120344810656","-90.1604766324869"
"02/04/2018","AQS","171630010","1","0.3","ppm","3","IEPA-RAPS TRAILER","24","100.0000","42101","Carbon monoxide","41180","St. Louis, MO-IL","17","Illinois","163","Saint Clair","38.6120344810656","-90.1604766324869"
"02/05/2018","AQS","171630010","1","0.4","ppm","5","IEPA-RAPS TRAILER","24","100.0000","42101","Carbon monoxide","41180","St. Louis, MO-IL","17","Illinois","163","Saint Clair","38.6120344810656","-90.1604766324869"
"02/06/2018","AQS","171630010","1","0.4","ppm","5","IEPA-RAPS TRAILER","24","100.0000","42101","Carbon monoxide","41180","St. Louis, MO-IL","17","Illinois","163","Saint Clair","38.6120344810656","-90.1604766324869"
"02/07/2018","AQS","171630010","1","0.4","ppm","5","IEPA-RAPS TRAILER","24","100.0000","42101","Carbon monoxide","41180","St. Louis, MO-IL","17","Illinois","163","Saint Clair","38.6120344810656","-90.1604766324869"
"02/08/2018","AQS","171630010","1","0.4","ppm","5","IEPA-RAPS TRAILER","24","100.0000","42101","Carbon monoxide","41180","St. Louis, MO-IL","17","Illinois","163","Saint Clair","38.6120344810656","-90.1604766324869"
"02/09/2018","AQS","171630010","1","0.2","ppm","2","IEPA-RAPS TRAILER","24","100.0000","42101","Carbon monoxide","41180","St. Louis, MO-IL","17","Illinois","163","Saint Clair","38.6120344810656","-90.1604766324869"
"02/10/2018","AQS","171630010","1","0.2","ppm","2","IEPA-RAPS TRAILER","24","100.0000","42101","Carbon monoxide","41180","St. Louis, MO-IL","17","Illinois","163","Saint Clair","38.6120344810656","-90.1604766324869"
"02/11/2018","AQS","171630010","1","0.2","ppm","2","IEPA-RAPS TRAILER","24","100.0000","42101","Carbon monoxide","41180","St. Louis, MO-IL","17","Illinois","163","Saint Clair","38.6120344810656","-90.1604766324869"
"02/12/2018","AQS","171630010","1","0.3","ppm","3","IEPA-RAPS TRAILER","24","100.0000","42101","Carbon monoxide","41180","St. Louis, MO-IL","17","Illinois","163","Saint Clair","38.6120344810656","-90.1604766324869"
"02/13/2018","AQS","171630010","1","0.4","ppm","5","IEPA-RAPS TRAILER","24","100.0000","42101","Carbon monoxide","41180","St. Louis, MO-IL","17","Illinois","163","Saint Clair","38.6120344810656","-90.1604766324869"
"02/14/2018","AQS","171630010","1","0.4","ppm","5","IEPA-RAPS TRAILER","24","100.0000","42101","Carbon monoxide","41180","St. Louis, MO-IL","17","Illinois","163","Saint Clair","38.6120344810656","-90.1604766324869"
"02/15/2018","AQS","171630010","1","0.4","ppm","5","IEPA-RAPS TRAILER","24","100.0000","42101","Carbon monoxide","41180","St. Louis, MO-IL","17","Illinois","163","Saint Clair","38.6120344810656","-90.1604766324869"
"02/16/2018","AQS","171630010","1","0.3","ppm","3","IEPA-RAPS TRAILER","24","100.0000","42101","Carbon monoxide","41180","St. Louis, MO-IL","17","Illinois","163","Saint Clair","38.6120344810656","-90.1604766324869"
"02/17/2018","AQS","171630010","1","0.5","ppm","6","IEPA-RAPS TRAILER","24","100.0000","42101","Carbon monoxide","41180","St. Louis, MO-IL","17","Illinois","163","Saint Clair","38.6120344810656","-90.1604766324869"
"02/18/2018","AQS","171630010","1","0.7","ppm","8","IEPA-RAPS TRAILER","24","100.0000","42101","Carbon monoxide","41180","St. Louis, MO-IL","17","Illinois","163","Saint Clair","38.6120344810656","-90.1604766324869"
"02/19/2018","AQS","171630010","1","0.2","ppm","2","IEPA-RAPS TRAILER","24","100.0000","42101","Carbon monoxide","41180","St. Louis, MO-IL","17","Illinois","163","Saint Clair","38.6120344810656","-90.1604766324869"
"02/20/2018","AQS","171630010","1","0.2","ppm","2","IEPA-RAPS TRAILER","24","100.0000","42101","Carbon monoxide","41180","St. Louis, MO-IL","17","Illinois","163","Saint Clair","38.6120344810656","-90.1604766324869"
"02/21/2018","AQS","171630010","1","0.2","ppm","2","IEPA-RAPS TRAILER","24","100.0000","42101","Carbon monoxide","41180","St. Louis, MO-IL","17","Illinois","163","Saint Clair","38.6120344810656","-90.1604766324869"
"02/22/2018","AQS","171630010","1","0.3","ppm","3","IEPA-RAPS TRAILER","24","100.0000","42101","Carbon monoxide","41180","St. Louis, MO-IL","17","Illinois","163","Saint Clair","38.6120344810656","-90.1604766324869"
"02/23/2018","AQS","171630010","1","0.3","ppm","3","IEPA-RAPS TRAILER","24","100.0000","42101","Carbon monoxide","41180","St. Louis, MO-IL","17","Illinois","163","Saint Clair","38.6120344810656","-90.1604766324869"
"02/24/2018","AQS","171630010","1","0.4","ppm","5","IEPA-RAPS TRAILER","24","100.0000","42101","Carbon monoxide","41180","St. Louis, MO-IL","17","Illinois","163","Saint Clair","38.6120344810656","-90.1604766324869"
"02/25/2018","AQS","171630010","1","0.8","ppm","9","IEPA-RAPS TRAILER","24","100.0000","42101","Carbon monoxide","41180","St. Louis, MO-IL","17","Illinois","163","Saint Clair","38.6120344810656","-90.1604766324869"
"02/26/2018","AQS","171630010","1","1.2","ppm","14","IEPA-RAPS TRAILER","24","100.0000","42101","Carbon monoxide","41180","St. Louis, MO-IL","17","Illinois","163","Saint Clair","38.6120344810656","-90.1604766324869"
"02/27/2018","AQS","171630010","1","0.3","ppm","3","IEPA-RAPS TRAILER","24","100.0000","42101","Carbon monoxide","41180","St. Louis, MO-IL","17","Illinois","163","Saint Clair","38.6120344810656","-90.1604766324869"
"02/28/2018","AQS","171630010","1","0.4","ppm","5","IEPA-RAPS TRAILER","24","100.0000","42101","Carbon monoxide","41180","St. Louis, MO-IL","17","Illinois","163","Saint Clair","38.6120344810656","-90.1604766324869"
"03/01/2018","AQS","171630010","1","0.4","ppm","5","IEPA-RAPS TRAILER","24","100.0000","42101","Carbon monoxide","41180","St. Louis, MO-IL","17","Illinois","163","Saint Clair","38.6120344810656","-90.1604766324869"
"03/02/2018","AQS","171630010","1","0.3","ppm","3","IEPA-RAPS TRAILER","24","100.0000","42101","Carbon monoxide","41180","St. Louis, MO-IL","17","Illinois","163","Saint Clair","38.6120344810656","-90.1604766324869"
"03/03/2018","AQS","171630010","1","0.3","ppm","3","IEPA-RAPS TRAILER","24","100.0000","42101","Carbon monoxide","41180","St. Louis, MO-IL","17","Illinois","163","Saint Clair","38.6120344810656","-90.1604766324869"
"03/04/2018","AQS","171630010","1","0.3","ppm","3","IEPA-RAPS TRAILER","24","100.0000","42101","Carbon monoxide","41180","St. Louis, MO-IL","17","Illinois","163","Saint Clair","38.6120344810656","-90.1604766324869"
"03/05/2018","AQS","171630010","1","0.5","ppm","6","IEPA-RAPS TRAILER","24","100.0000","42101","Carbon monoxide","41180","St. Louis, MO-IL","17","Illinois","163","Saint Clair","38.6120344810656","-90.1604766324869"
"03/06/2018","AQS","171630010","1","0.5","ppm","6","IEPA-RAPS TRAILER","24","100.0000","42101","Carbon monoxide","41180","St. Louis, MO-IL","17","Illinois","163","Saint Clair","38.6120344810656","-90.1604766324869"
"03/07/2018","AQS","171630010","1","0.2","ppm","2","IEPA-RAPS TRAILER","24","100.0000","42101","Carbon monoxide","41180","St. Louis, MO-IL","17","Illinois","163","Saint Clair","38.6120344810656","-90.1604766324869"
"03/08/2018","AQS","171630010","1","0.5","ppm","6","IEPA-RAPS TRAILER","24","100.0000","42101","Carbon monoxide","41180","St. Louis, MO-IL","17","Illinois","163","Saint Clair","38.6120344810656","-90.1604766324869"
"03/09/2018","AQS","171630010","1","0.7","ppm","8","IEPA-RAPS TRAILER","24","100.0000","42101","Carbon monoxide","41180","St. Louis, MO-IL","17","Illinois","163","Saint Clair","38.6120344810656","-90.1604766324869"
"03/10/2018","AQS","171630010","1","0.3","ppm","3","IEPA-RAPS TRAILER","24","100.0000","42101","Carbon monoxide","41180","St. Louis, MO-IL","17","Illinois","163","Saint Clair","38.6120344810656","-90.1604766324869"
"03/11/2018","AQS","171630010","1","0.2","ppm","2","IEPA-RAPS TRAILER","24","100.0000","42101","Carbon monoxide","41180","St. Louis, MO-IL","17","Illinois","163","Saint Clair","38.6120344810656","-90.1604766324869"
"03/12/2018","AQS","171630010","1","0.2","ppm","2","IEPA-RAPS TRAILER","24","100.0000","42101","Carbon monoxide","41180","St. Louis, MO-IL","17","Illinois","163","Saint Clair","38.6120344810656","-90.1604766324869"
"03/13/2018","AQS","171630010","1","0.2","ppm","2","IEPA-RAPS TRAILER","24","100.0000","42101","Carbon monoxide","41180","St. Louis, MO-IL","17","Illinois","163","Saint Clair","38.6120344810656","-90.1604766324869"
"03/14/2018","AQS","171630010","1","0.3","ppm","3","IEPA-RAPS TRAILER","24","100.0000","42101","Carbon monoxide","41180","St. Louis, MO-IL","17","Illinois","163","Saint Clair","38.6120344810656","-90.1604766324869"
"03/15/2018","AQS","171630010","1","0.4","ppm","5","IEPA-RAPS TRAILER","24","100.0000","42101","Carbon monoxide","41180","St. Louis, MO-IL","17","Illinois","163","Saint Clair","38.6120344810656","-90.1604766324869"
"03/16/2018","AQS","171630010","1","0.3","ppm","3","IEPA-RAPS TRAILER","24","100.0000","42101","Carbon monoxide","41180","St. Louis, MO-IL","17","Illinois","163","Saint Clair","38.6120344810656","-90.1604766324869"
"03/17/2018","AQS","171630010","1","0.3","ppm","3","IEPA-RAPS TRAILER","24","100.0000","42101","Carbon monoxide","41180","St. Louis, MO-IL","17","Illinois","163","Saint Clair","38.6120344810656","-90.1604766324869"
"03/18/2018","AQS","171630010","1","0.2","ppm","2","IEPA-RAPS TRAILER","24","100.0000","42101","Carbon monoxide","41180","St. Louis, MO-IL","17","Illinois","163","Saint Clair","38.6120344810656","-90.1604766324869"
"03/19/2018","AQS","171630010","1","0.3","ppm","3","IEPA-RAPS TRAILER","24","100.0000","42101","Carbon monoxide","41180","St. Louis, MO-IL","17","Illinois","163","Saint Clair","38.6120344810656","-90.1604766324869"
"03/20/2018","AQS","171630010","1","0.2","ppm","2","IEPA-RAPS TRAILER","24","100.0000","42101","Carbon monoxide","41180","St. Louis, MO-IL","17","Illinois","163","Saint Clair","38.6120344810656","-90.1604766324869"
"03/21/2018","AQS","171630010","1","0.4","ppm","5","IEPA-RAPS TRAILER","24","100.0000","42101","Carbon monoxide","41180","St. Louis, MO-IL","17","Illinois","163","Saint Clair","38.6120344810656","-90.1604766324869"
"03/22/2018","AQS","171630010","1","0.8","ppm","9","IEPA-RAPS TRAILER","24","100.0000","42101","Carbon monoxide","41180","St. Louis, MO-IL","17","Illinois","163","Saint Clair","38.6120344810656","-90.1604766324869"
"03/23/2018","AQS","171630010","1","0.5","ppm","6","IEPA-RAPS TRAILER","24","100.0000","42101","Carbon monoxide","41180","St. Louis, MO-IL","17","Illinois","163","Saint Clair","38.6120344810656","-90.1604766324869"
"03/24/2018","AQS","171630010","1","0.2","ppm","2","IEPA-RAPS TRAILER","24","100.0000","42101","Carbon monoxide","41180","St. Louis, MO-IL","17","Illinois","163","Saint Clair","38.6120344810656","-90.1604766324869"
"03/25/2018","AQS","171630010","1","0.2","ppm","2","IEPA-RAPS TRAILER","24","100.0000","42101","Carbon monoxide","41180","St. Louis, MO-IL","17","Illinois","163","Saint Clair","38.6120344810656","-90.1604766324869"
"03/26/2018","AQS","171630010","1","0.3","ppm","3","IEPA-RAPS TRAILER","24","100.0000","42101","Carbon monoxide","41180","St. Louis, MO-IL","17","Illinois","163","Saint Clair","38.6120344810656","-90.1604766324869"
"03/27/2018","AQS","171630010","1","0.3","ppm","3","IEPA-RAPS TRAILER","24","100.0000","42101","Carbon monoxide","41180","St. Louis, MO-IL","17","Illinois","163","Saint Clair","38.6120344810656","-90.1604766324869"
"03/28/2018","AQS","171630010","1","0.4","ppm","5","IEPA-RAPS TRAILER","24","100.0000","42101","Carbon monoxide","41180","St. Louis, MO-IL","17","Illinois","163","Saint Clair","38.6120344810656","-90.1604766324869"
"03/29/2018","AQS","171630010","1","0.4","ppm","5","IEPA-RAPS TRAILER","24","100.0000","42101","Carbon monoxide","41180","St. Louis, MO-IL","17","Illinois","163","Saint Clair","38.6120344810656","-90.1604766324869"
"03/30/2018","AQS","171630010","1","0.6","ppm","7","IEPA-RAPS TRAILER","24","100.0000","42101","Carbon monoxide","41180","St. Louis, MO-IL","17","Illinois","163","Saint Clair","38.6120344810656","-90.1604766324869"
"03/31/2018","AQS","171630010","1","0.7","ppm","8","IEPA-RAPS TRAILER","24","100.0000","42101","Carbon monoxide","41180","St. Louis, MO-IL","17","Illinois","163","Saint Clair","38.6120344810656","-90.1604766324869"
"04/01/2018","AQS","171630010","1","0.2","ppm","2","IEPA-RAPS TRAILER","24","100.0000","42101","Carbon monoxide","41180","St. Louis, MO-IL","17","Illinois","163","Saint Clair","38.6120344810656","-90.1604766324869"
"04/02/2018","AQS","171630010","1","0.3","ppm","3","IEPA-RAPS TRAILER","24","100.0000","42101","Carbon monoxide","41180","St. Louis, MO-IL","17","Illinois","163","Saint Clair","38.6120344810656","-90.1604766324869"
"04/03/2018","AQS","171630010","1","0.4","ppm","5","IEPA-RAPS TRAILER","24","100.0000","42101","Carbon monoxide","41180","St. Louis, MO-IL","17","Illinois","163","Saint Clair","38.6120344810656","-90.1604766324869"
"04/04/2018","AQS","171630010","1","0.4","ppm","5","IEPA-RAPS TRAILER","24","100.0000","42101","Carbon monoxide","41180","St. Louis, MO-IL","17","Illinois","163","Saint Clair","38.6120344810656","-90.1604766324869"
"04/05/2018","AQS","171630010","1","0.6","ppm","7","IEPA-RAPS TRAILER","24","100.0000","42101","Carbon monoxide","41180","St. Louis, MO-IL","17","Illinois","163","Saint Clair","38.6120344810656","-90.1604766324869"
"04/06/2018","AQS","171630010","1","0.3","ppm","3","IEPA-RAPS TRAILER","24","100.0000","42101","Carbon monoxide","41180","St. Louis, MO-IL","17","Illinois","163","Saint Clair","38.6120344810656","-90.1604766324869"
"04/07/2018","AQS","171630010","1","0.2","ppm","2","IEPA-RAPS TRAILER","24","100.0000","42101","Carbon monoxide","41180","St. Louis, MO-IL","17","Illinois","163","Saint Clair","38.6120344810656","-90.1604766324869"
"04/08/2018","AQS","171630010","1","0.5","ppm","6","IEPA-RAPS TRAILER","24","100.0000","42101","Carbon monoxide","41180","St. Louis, MO-IL","17","Illinois","163","Saint Clair","38.6120344810656","-90.1604766324869"
"04/09/2018","AQS","171630010","1","0.2","ppm","2","IEPA-RAPS TRAILER","24","100.0000","42101","Carbon monoxide","41180","St. Louis, MO-IL","17","Illinois","163","Saint Clair","38.6120344810656","-90.1604766324869"
"04/10/2018","AQS","171630010","1","0.2","ppm","2","IEPA-RAPS TRAILER","24","100.0000","42101","Carbon monoxide","41180","St. Louis, MO-IL","17","Illinois","163","Saint Clair","38.6120344810656","-90.1604766324869"
"04/11/2018","AQS","171630010","1","0.2","ppm","2","IEPA-RAPS TRAILER","24","100.0000","42101","Carbon monoxide","41180","St. Louis, MO-IL","17","Illinois","163","Saint Clair","38.6120344810656","-90.1604766324869"
"04/12/2018","AQS","171630010","1","0.3","ppm","3","IEPA-RAPS TRAILER","24","100.0000","42101","Carbon monoxide","41180","St. Louis, MO-IL","17","Illinois","163","Saint Clair","38.6120344810656","-90.1604766324869"
"04/13/2018","AQS","171630010","1","0.3","ppm","3","IEPA-RAPS TRAILER","24","100.0000","42101","Carbon monoxide","41180","St. Louis, MO-IL","17","Illinois","163","Saint Clair","38.6120344810656","-90.1604766324869"
"04/14/2018","AQS","171630010","1","0.3","ppm","3","IEPA-RAPS TRAILER","24","100.0000","42101","Carbon monoxide","41180","St. Louis, MO-IL","17","Illinois","163","Saint Clair","38.6120344810656","-90.1604766324869"
"04/15/2018","AQS","171630010","1","0.2","ppm","2","IEPA-RAPS TRAILER","24","100.0000","42101","Carbon monoxide","41180","St. Louis, MO-IL","17","Illinois","163","Saint Clair","38.6120344810656","-90.1604766324869"
"04/16/2018","AQS","171630010","1","0.2","ppm","2","IEPA-RAPS TRAILER","24","100.0000","42101","Carbon monoxide","41180","St. Louis, MO-IL","17","Illinois","163","Saint Clair","38.6120344810656","-90.1604766324869"
"04/17/2018","AQS","171630010","1","0.3","ppm","3","IEPA-RAPS TRAILER","24","100.0000","42101","Carbon monoxide","41180","St. Louis, MO-IL","17","Illinois","163","Saint Clair","38.6120344810656","-90.1604766324869"
"04/18/2018","AQS","171630010","1","0.2","ppm","2","IEPA-RAPS TRAILER","24","100.0000","42101","Carbon monoxide","41180","St. Louis, MO-IL","17","Illinois","163","Saint Clair","38.6120344810656","-90.1604766324869"
"04/19/2018","AQS","171630010","1","0.6","ppm","7","IEPA-RAPS TRAILER","24","100.0000","42101","Carbon monoxide","41180","St. Louis, MO-IL","17","Illinois","163","Saint Clair","38.6120344810656","-90.1604766324869"
"04/20/2018","AQS","171630010","1","0.8","ppm","9","IEPA-RAPS TRAILER","18","75.0000","42101","Carbon monoxide","41180","St. Louis, MO-IL","17","Illinois","163","Saint Clair","38.6120344810656","-90.1604766324869"
"04/21/2018","AQS","171630010","1","0.4","ppm","5","IEPA-RAPS TRAILER","24","100.0000","42101","Carbon monoxide","41180","St. Louis, MO-IL","17","Illinois","163","Saint Clair","38.6120344810656","-90.1604766324869"
"04/22/2018","AQS","171630010","1","0.3","ppm","3","IEPA-RAPS TRAILER","24","100.0000","42101","Carbon monoxide","41180","St. Louis, MO-IL","17","Illinois","163","Saint Clair","38.6120344810656","-90.1604766324869"
"04/23/2018","AQS","171630010","1","0.3","ppm","3","IEPA-RAPS TRAILER","24","100.0000","42101","Carbon monoxide","41180","St. Louis, MO-IL","17","Illinois","163","Saint Clair","38.6120344810656","-90.1604766324869"
"04/24/2018","AQS","171630010","1","0.5","ppm","6","IEPA-RAPS TRAILER","24","100.0000","42101","Carbon monoxide","41180","St. Louis, MO-IL","17","Illinois","163","Saint Clair","38.6120344810656","-90.1604766324869"
"04/25/2018","AQS","171630010","1","0.7","ppm","8","IEPA-RAPS TRAILER","24","100.0000","42101","Carbon monoxide","41180","St. Louis, MO-IL","17","Illinois","163","Saint Clair","38.6120344810656","-90.1604766324869"
"04/26/2018","AQS","171630010","1","0.3","ppm","3","IEPA-RAPS TRAILER","24","100.0000","42101","Carbon monoxide","41180","St. Louis, MO-IL","17","Illinois","163","Saint Clair","38.6120344810656","-90.1604766324869"
"04/27/2018","AQS","171630010","1","0.3","ppm","3","IEPA-RAPS TRAILER","24","100.0000","42101","Carbon monoxide","41180","St. Louis, MO-IL","17","Illinois","163","Saint Clair","38.6120344810656","-90.1604766324869"
"04/28/2018","AQS","171630010","1","0.4","ppm","5","IEPA-RAPS TRAILER","24","100.0000","42101","Carbon monoxide","41180","St. Louis, MO-IL","17","Illinois","163","Saint Clair","38.6120344810656","-90.1604766324869"
"04/29/2018","AQS","171630010","1","0.5","ppm","6","IEPA-RAPS TRAILER","24","100.0000","42101","Carbon monoxide","41180","St. Louis, MO-IL","17","Illinois","163","Saint Clair","38.6120344810656","-90.1604766324869"
"04/30/2018","AQS","171630010","1","0.3","ppm","3","IEPA-RAPS TRAILER","24","100.0000","42101","Carbon monoxide","41180","St. Louis, MO-IL","17","Illinois","163","Saint Clair","38.6120344810656","-90.1604766324869"
"05/01/2018","AQS","171630010","1","0.3","ppm","3","IEPA-RAPS TRAILER","24","100.0000","42101","Carbon monoxide","41180","St. Louis, MO-IL","17","Illinois","163","Saint Clair","38.6120344810656","-90.1604766324869"
"05/02/2018","AQS","171630010","1","0.3","ppm","3","IEPA-RAPS TRAILER","24","100.0000","42101","Carbon monoxide","41180","St. Louis, MO-IL","17","Illinois","163","Saint Clair","38.6120344810656","-90.1604766324869"
"05/03/2018","AQS","171630010","1","0.3","ppm","3","IEPA-RAPS TRAILER","24","100.0000","42101","Carbon monoxide","41180","St. Louis, MO-IL","17","Illinois","163","Saint Clair","38.6120344810656","-90.1604766324869"
"05/04/2018","AQS","171630010","1","0.6","ppm","7","IEPA-RAPS TRAILER","24","100.0000","42101","Carbon monoxide","41180","St. Louis, MO-IL","17","Illinois","163","Saint Clair","38.6120344810656","-90.1604766324869"
"05/05/2018","AQS","171630010","1","0.6","ppm","7","IEPA-RAPS TRAILER","24","100.0000","42101","Carbon monoxide","41180","St. Louis, MO-IL","17","Illinois","163","Saint Clair","38.6120344810656","-90.1604766324869"
"05/06/2018","AQS","171630010","1","0.4","ppm","5","IEPA-RAPS TRAILER","24","100.0000","42101","Carbon monoxide","41180","St. Louis, MO-IL","17","Illinois","163","Saint Clair","38.6120344810656","-90.1604766324869"
"05/07/2018","AQS","171630010","1","0.5","ppm","6","IEPA-RAPS TRAILER","24","100.0000","42101","Carbon monoxide","41180","St. Louis, MO-IL","17","Illinois","163","Saint Clair","38.6120344810656","-90.1604766324869"
"05/08/2018","AQS","171630010","1","0.6","ppm","7","IEPA-RAPS TRAILER","24","100.0000","42101","Carbon monoxide","41180","St. Louis, MO-IL","17","Illinois","163","Saint Clair","38.6120344810656","-90.1604766324869"
"05/09/2018","AQS","171630010","1","0.3","ppm","3","IEPA-RAPS TRAILER","24","100.0000","42101","Carbon monoxide","41180","St. Louis, MO-IL","17","Illinois","163","Saint Clair","38.6120344810656","-90.1604766324869"
"05/10/2018","AQS","171630010","1","0.4","ppm","5","IEPA-RAPS TRAILER","24","100.0000","42101","Carbon monoxide","41180","St. Louis, MO-IL","17","Illinois","163","Saint Clair","38.6120344810656","-90.1604766324869"
"05/11/2018","AQS","171630010","1","0.4","ppm","5","IEPA-RAPS TRAILER","24","100.0000","42101","Carbon monoxide","41180","St. Louis, MO-IL","17","Illinois","163","Saint Clair","38.6120344810656","-90.1604766324869"
"05/12/2018","AQS","171630010","1","0.4","ppm","5","IEPA-RAPS TRAILER","24","100.0000","42101","Carbon monoxide","41180","St. Louis, MO-IL","17","Illinois","163","Saint Clair","38.6120344810656","-90.1604766324869"
"05/13/2018","AQS","171630010","1","0.4","ppm","5","IEPA-RAPS TRAILER","24","100.0000","42101","Carbon monoxide","41180","St. Louis, MO-IL","17","Illinois","163","Saint Clair","38.6120344810656","-90.1604766324869"
"05/14/2018","AQS","171630010","1","0.4","ppm","5","IEPA-RAPS TRAILER","24","100.0000","42101","Carbon monoxide","41180","St. Louis, MO-IL","17","Illinois","163","Saint Clair","38.6120344810656","-90.1604766324869"
"05/15/2018","AQS","171630010","1","0.3","ppm","3","IEPA-RAPS TRAILER","24","100.0000","42101","Carbon monoxide","41180","St. Louis, MO-IL","17","Illinois","163","Saint Clair","38.6120344810656","-90.1604766324869"
"05/16/2018","AQS","171630010","1","0.4","ppm","5","IEPA-RAPS TRAILER","24","100.0000","42101","Carbon monoxide","41180","St. Louis, MO-IL","17","Illinois","163","Saint Clair","38.6120344810656","-90.1604766324869"
"05/17/2018","AQS","171630010","1","0.4","ppm","5","IEPA-RAPS TRAILER","24","100.0000","42101","Carbon monoxide","41180","St. Louis, MO-IL","17","Illinois","163","Saint Clair","38.6120344810656","-90.1604766324869"
"05/18/2018","AQS","171630010","1","0.4","ppm","5","IEPA-RAPS TRAILER","24","100.0000","42101","Carbon monoxide","41180","St. Louis, MO-IL","17","Illinois","163","Saint Clair","38.6120344810656","-90.1604766324869"
"05/19/2018","AQS","171630010","1","0.3","ppm","3","IEPA-RAPS TRAILER","24","100.0000","42101","Carbon monoxide","41180","St. Louis, MO-IL","17","Illinois","163","Saint Clair","38.6120344810656","-90.1604766324869"
"05/20/2018","AQS","171630010","1","0.5","ppm","6","IEPA-RAPS TRAILER","24","100.0000","42101","Carbon monoxide","41180","St. Louis, MO-IL","17","Illinois","163","Saint Clair","38.6120344810656","-90.1604766324869"
"05/21/2018","AQS","171630010","1","0.5","ppm","6","IEPA-RAPS TRAILER","24","100.0000","42101","Carbon monoxide","41180","St. Louis, MO-IL","17","Illinois","163","Saint Clair","38.6120344810656","-90.1604766324869"
"05/22/2018","AQS","171630010","1","0.4","ppm","5","IEPA-RAPS TRAILER","24","100.0000","42101","Carbon monoxide","41180","St. Louis, MO-IL","17","Illinois","163","Saint Clair","38.6120344810656","-90.1604766324869"
"05/23/2018","AQS","171630010","1","0.5","ppm","6","IEPA-RAPS TRAILER","24","100.0000","42101","Carbon monoxide","41180","St. Louis, MO-IL","17","Illinois","163","Saint Clair","38.6120344810656","-90.1604766324869"
"05/24/2018","AQS","171630010","1","0.6","ppm","7","IEPA-RAPS TRAILER","24","100.0000","42101","Carbon monoxide","41180","St. Louis, MO-IL","17","Illinois","163","Saint Clair","38.6120344810656","-90.1604766324869"
"05/25/2018","AQS","171630010","1","0.3","ppm","3","IEPA-RAPS TRAILER","24","100.0000","42101","Carbon monoxide","41180","St. Louis, MO-IL","17","Illinois","163","Saint Clair","38.6120344810656","-90.1604766324869"
"05/26/2018","AQS","171630010","1","0.4","ppm","5","IEPA-RAPS TRAILER","24","100.0000","42101","Carbon monoxide","41180","St. Louis, MO-IL","17","Illinois","163","Saint Clair","38.6120344810656","-90.1604766324869"
"05/27/2018","AQS","171630010","1","0.4","ppm","5","IEPA-RAPS TRAILER","24","100.0000","42101","Carbon monoxide","41180","St. Louis, MO-IL","17","Illinois","163","Saint Clair","38.6120344810656","-90.1604766324869"
"05/28/2018","AQS","171630010","1","0.5","ppm","6","IEPA-RAPS TRAILER","24","100.0000","42101","Carbon monoxide","41180","St. Louis, MO-IL","17","Illinois","163","Saint Clair","38.6120344810656","-90.1604766324869"
"05/29/2018","AQS","171630010","1","0.4","ppm","5","IEPA-RAPS TRAILER","24","100.0000","42101","Carbon monoxide","41180","St. Louis, MO-IL","17","Illinois","163","Saint Clair","38.6120344810656","-90.1604766324869"
"05/30/2018","AQS","171630010","1","0.3","ppm","3","IEPA-RAPS TRAILER","24","100.0000","42101","Carbon monoxide","41180","St. Louis, MO-IL","17","Illinois","163","Saint Clair","38.6120344810656","-90.1604766324869"
"05/31/2018","AQS","171630010","1","0.4","ppm","5","IEPA-RAPS TRAILER","24","100.0000","42101","Carbon monoxide","41180","St. Louis, MO-IL","17","Illinois","163","Saint Clair","38.6120344810656","-90.1604766324869"
"06/01/2018","AQS","171630010","1","0.4","ppm","5","IEPA-RAPS TRAILER","24","100.0000","42101","Carbon monoxide","41180","St. Louis, MO-IL","17","Illinois","163","Saint Clair","38.6120344810656","-90.1604766324869"
"06/02/2018","AQS","171630010","1","0.3","ppm","3","IEPA-RAPS TRAILER","24","100.0000","42101","Carbon monoxide","41180","St. Louis, MO-IL","17","Illinois","163","Saint Clair","38.6120344810656","-90.1604766324869"
"06/03/2018","AQS","171630010","1","0.3","ppm","3","IEPA-RAPS TRAILER","24","100.0000","42101","Carbon monoxide","41180","St. Louis, MO-IL","17","Illinois","163","Saint Clair","38.6120344810656","-90.1604766324869"
"06/04/2018","AQS","171630010","1","0.2","ppm","2","IEPA-RAPS TRAILER","24","100.0000","42101","Carbon monoxide","41180","St. Louis, MO-IL","17","Illinois","163","Saint Clair","38.6120344810656","-90.1604766324869"
"06/05/2018","AQS","171630010","1","0.4","ppm","5","IEPA-RAPS TRAILER","24","100.0000","42101","Carbon monoxide","41180","St. Louis, MO-IL","17","Illinois","163","Saint Clair","38.6120344810656","-90.1604766324869"
"06/06/2018","AQS","171630010","1","0.4","ppm","5","IEPA-RAPS TRAILER","24","100.0000","42101","Carbon monoxide","41180","St. Louis, MO-IL","17","Illinois","163","Saint Clair","38.6120344810656","-90.1604766324869"
"06/07/2018","AQS","171630010","1","0.4","ppm","5","IEPA-RAPS TRAILER","24","100.0000","42101","Carbon monoxide","41180","St. Louis, MO-IL","17","Illinois","163","Saint Clair","38.6120344810656","-90.1604766324869"
"06/08/2018","AQS","171630010","1","0.3","ppm","3","IEPA-RAPS TRAILER","24","100.0000","42101","Carbon monoxide","41180","St. Louis, MO-IL","17","Illinois","163","Saint Clair","38.6120344810656","-90.1604766324869"
"06/09/2018","AQS","171630010","1","0.3","ppm","3","IEPA-RAPS TRAILER","24","100.0000","42101","Carbon monoxide","41180","St. Louis, MO-IL","17","Illinois","163","Saint Clair","38.6120344810656","-90.1604766324869"
"06/10/2018","AQS","171630010","1","0.2","ppm","2","IEPA-RAPS TRAILER","24","100.0000","42101","Carbon monoxide","41180","St. Louis, MO-IL","17","Illinois","163","Saint Clair","38.6120344810656","-90.1604766324869"
"06/11/2018","AQS","171630010","1","0.3","ppm","3","IEPA-RAPS TRAILER","24","100.0000","42101","Carbon monoxide","41180","St. Louis, MO-IL","17","Illinois","163","Saint Clair","38.6120344810656","-90.1604766324869"
"06/12/2018","AQS","171630010","1","0.3","ppm","3","IEPA-RAPS TRAILER","24","100.0000","42101","Carbon monoxide","41180","St. Louis, MO-IL","17","Illinois","163","Saint Clair","38.6120344810656","-90.1604766324869"
"06/13/2018","AQS","171630010","1","0.3","ppm","3","IEPA-RAPS TRAILER","24","100.0000","42101","Carbon monoxide","41180","St. Louis, MO-IL","17","Illinois","163","Saint Clair","38.6120344810656","-90.1604766324869"
"06/14/2018","AQS","171630010","1","0.2","ppm","2","IEPA-RAPS TRAILER","24","100.0000","42101","Carbon monoxide","41180","St. Louis, MO-IL","17","Illinois","163","Saint Clair","38.6120344810656","-90.1604766324869"
"06/15/2018","AQS","171630010","1","0.3","ppm","3","IEPA-RAPS TRAILER","24","100.0000","42101","Carbon monoxide","41180","St. Louis, MO-IL","17","Illinois","163","Saint Clair","38.6120344810656","-90.1604766324869"
"06/16/2018","AQS","171630010","1","0.3","ppm","3","IEPA-RAPS TRAILER","24","100.0000","42101","Carbon monoxide","41180","St. Louis, MO-IL","17","Illinois","163","Saint Clair","38.6120344810656","-90.1604766324869"
"06/17/2018","AQS","171630010","1","0.3","ppm","3","IEPA-RAPS TRAILER","24","100.0000","42101","Carbon monoxide","41180","St. Louis, MO-IL","17","Illinois","163","Saint Clair","38.6120344810656","-90.1604766324869"
"06/18/2018","AQS","171630010","1","0.3","ppm","3","IEPA-RAPS TRAILER","24","100.0000","42101","Carbon monoxide","41180","St. Louis, MO-IL","17","Illinois","163","Saint Clair","38.6120344810656","-90.1604766324869"
"06/19/2018","AQS","171630010","1","0.3","ppm","3","IEPA-RAPS TRAILER","24","100.0000","42101","Carbon monoxide","41180","St. Louis, MO-IL","17","Illinois","163","Saint Clair","38.6120344810656","-90.1604766324869"
"06/20/2018","AQS","171630010","1","0.3","ppm","3","IEPA-RAPS TRAILER","24","100.0000","42101","Carbon monoxide","41180","St. Louis, MO-IL","17","Illinois","163","Saint Clair","38.6120344810656","-90.1604766324869"
"06/21/2018","AQS","171630010","1","0.3","ppm","3","IEPA-RAPS TRAILER","24","100.0000","42101","Carbon monoxide","41180","St. Louis, MO-IL","17","Illinois","163","Saint Clair","38.6120344810656","-90.1604766324869"
"06/22/2018","AQS","171630010","1","0.3","ppm","3","IEPA-RAPS TRAILER","24","100.0000","42101","Carbon monoxide","41180","St. Louis, MO-IL","17","Illinois","163","Saint Clair","38.6120344810656","-90.1604766324869"
"06/23/2018","AQS","171630010","1","0.4","ppm","5","IEPA-RAPS TRAILER","24","100.0000","42101","Carbon monoxide","41180","St. Louis, MO-IL","17","Illinois","163","Saint Clair","38.6120344810656","-90.1604766324869"
"06/24/2018","AQS","171630010","1","0.5","ppm","6","IEPA-RAPS TRAILER","24","100.0000","42101","Carbon monoxide","41180","St. Louis, MO-IL","17","Illinois","163","Saint Clair","38.6120344810656","-90.1604766324869"
"06/25/2018","AQS","171630010","1","0.2","ppm","2","IEPA-RAPS TRAILER","24","100.0000","42101","Carbon monoxide","41180","St. Louis, MO-IL","17","Illinois","163","Saint Clair","38.6120344810656","-90.1604766324869"
"06/26/2018","AQS","171630010","1","0.2","ppm","2","IEPA-RAPS TRAILER","24","100.0000","42101","Carbon monoxide","41180","St. Louis, MO-IL","17","Illinois","163","Saint Clair","38.6120344810656","-90.1604766324869"
"06/27/2018","AQS","171630010","1","0.3","ppm","3","IEPA-RAPS TRAILER","24","100.0000","42101","Carbon monoxide","41180","St. Louis, MO-IL","17","Illinois","163","Saint Clair","38.6120344810656","-90.1604766324869"
"06/28/2018","AQS","171630010","1","0.4","ppm","5","IEPA-RAPS TRAILER","24","100.0000","42101","Carbon monoxide","41180","St. Louis, MO-IL","17","Illinois","163","Saint Clair","38.6120344810656","-90.1604766324869"
"06/29/2018","AQS","171630010","1","0.3","ppm","3","IEPA-RAPS TRAILER","24","100.0000","42101","Carbon monoxide","41180","St. Louis, MO-IL","17","Illinois","163","Saint Clair","38.6120344810656","-90.1604766324869"
"06/30/2018","AQS","171630010","1","0.3","ppm","3","IEPA-RAPS TRAILER","24","100.0000","42101","Carbon monoxide","41180","St. Louis, MO-IL","17","Illinois","163","Saint Clair","38.6120344810656","-90.1604766324869"
"07/01/2018","AQS","171630010","1","0.2","ppm","2","IEPA-RAPS TRAILER","24","100.0000","42101","Carbon monoxide","41180","St. Louis, MO-IL","17","Illinois","163","Saint Clair","38.6120344810656","-90.1604766324869"
"07/02/2018","AQS","171630010","1","0.4","ppm","5","IEPA-RAPS TRAILER","24","100.0000","42101","Carbon monoxide","41180","St. Louis, MO-IL","17","Illinois","163","Saint Clair","38.6120344810656","-90.1604766324869"
"07/03/2018","AQS","171630010","1","0.4","ppm","5","IEPA-RAPS TRAILER","24","100.0000","42101","Carbon monoxide","41180","St. Louis, MO-IL","17","Illinois","163","Saint Clair","38.6120344810656","-90.1604766324869"
"07/04/2018","AQS","171630010","1","0.5","ppm","6","IEPA-RAPS TRAILER","24","100.0000","42101","Carbon monoxide","41180","St. Louis, MO-IL","17","Illinois","163","Saint Clair","38.6120344810656","-90.1604766324869"
"07/05/2018","AQS","171630010","1","0.5","ppm","6","IEPA-RAPS TRAILER","24","100.0000","42101","Carbon monoxide","41180","St. Louis, MO-IL","17","Illinois","163","Saint Clair","38.6120344810656","-90.1604766324869"
"07/06/2018","AQS","171630010","1","0.2","ppm","2","IEPA-RAPS TRAILER","24","100.0000","42101","Carbon monoxide","41180","St. Louis, MO-IL","17","Illinois","163","Saint Clair","38.6120344810656","-90.1604766324869"
"07/07/2018","AQS","171630010","1","0.3","ppm","3","IEPA-RAPS TRAILER","24","100.0000","42101","Carbon monoxide","41180","St. Louis, MO-IL","17","Illinois","163","Saint Clair","38.6120344810656","-90.1604766324869"
"07/08/2018","AQS","171630010","1","0.4","ppm","5","IEPA-RAPS TRAILER","24","100.0000","42101","Carbon monoxide","41180","St. Louis, MO-IL","17","Illinois","163","Saint Clair","38.6120344810656","-90.1604766324869"
"07/09/2018","AQS","171630010","1","0.3","ppm","3","IEPA-RAPS TRAILER","24","100.0000","42101","Carbon monoxide","41180","St. Louis, MO-IL","17","Illinois","163","Saint Clair","38.6120344810656","-90.1604766324869"
"07/10/2018","AQS","171630010","1","0.3","ppm","3","IEPA-RAPS TRAILER","24","100.0000","42101","Carbon monoxide","41180","St. Louis, MO-IL","17","Illinois","163","Saint Clair","38.6120344810656","-90.1604766324869"
"07/11/2018","AQS","171630010","1","0.3","ppm","3","IEPA-RAPS TRAILER","24","100.0000","42101","Carbon monoxide","41180","St. Louis, MO-IL","17","Illinois","163","Saint Clair","38.6120344810656","-90.1604766324869"
"07/12/2018","AQS","171630010","1","0.3","ppm","3","IEPA-RAPS TRAILER","24","100.0000","42101","Carbon monoxide","41180","St. Louis, MO-IL","17","Illinois","163","Saint Clair","38.6120344810656","-90.1604766324869"
"07/13/2018","AQS","171630010","1","0.3","ppm","3","IEPA-RAPS TRAILER","24","100.0000","42101","Carbon monoxide","41180","St. Louis, MO-IL","17","Illinois","163","Saint Clair","38.6120344810656","-90.1604766324869"
"07/14/2018","AQS","171630010","1","0.3","ppm","3","IEPA-RAPS TRAILER","24","100.0000","42101","Carbon monoxide","41180","St. Louis, MO-IL","17","Illinois","163","Saint Clair","38.6120344810656","-90.1604766324869"
"07/15/2018","AQS","171630010","1","0.3","ppm","3","IEPA-RAPS TRAILER","24","100.0000","42101","Carbon monoxide","41180","St. Louis, MO-IL","17","Illinois","163","Saint Clair","38.6120344810656","-90.1604766324869"
"07/16/2018","AQS","171630010","1","0.3","ppm","3","IEPA-RAPS TRAILER","24","100.0000","42101","Carbon monoxide","41180","St. Louis, MO-IL","17","Illinois","163","Saint Clair","38.6120344810656","-90.1604766324869"
"07/17/2018","AQS","171630010","1","0.4","ppm","5","IEPA-RAPS TRAILER","24","100.0000","42101","Carbon monoxide","41180","St. Louis, MO-IL","17","Illinois","163","Saint Clair","38.6120344810656","-90.1604766324869"
"07/18/2018","AQS","171630010","1","0.3","ppm","3","IEPA-RAPS TRAILER","24","100.0000","42101","Carbon monoxide","41180","St. Louis, MO-IL","17","Illinois","163","Saint Clair","38.6120344810656","-90.1604766324869"
"07/19/2018","AQS","171630010","1","0.2","ppm","2","IEPA-RAPS TRAILER","24","100.0000","42101","Carbon monoxide","41180","St. Louis, MO-IL","17","Illinois","163","Saint Clair","38.6120344810656","-90.1604766324869"
"07/20/2018","AQS","171630010","1","0.2","ppm","2","IEPA-RAPS TRAILER","24","100.0000","42101","Carbon monoxide","41180","St. Louis, MO-IL","17","Illinois","163","Saint Clair","38.6120344810656","-90.1604766324869"
"07/21/2018","AQS","171630010","1","0.2","ppm","2","IEPA-RAPS TRAILER","24","100.0000","42101","Carbon monoxide","41180","St. Louis, MO-IL","17","Illinois","163","Saint Clair","38.6120344810656","-90.1604766324869"
"07/22/2018","AQS","171630010","1","0.2","ppm","2","IEPA-RAPS TRAILER","24","100.0000","42101","Carbon monoxide","41180","St. Louis, MO-IL","17","Illinois","163","Saint Clair","38.6120344810656","-90.1604766324869"
"07/23/2018","AQS","171630010","1","0.3","ppm","3","IEPA-RAPS TRAILER","24","100.0000","42101","Carbon monoxide","41180","St. Louis, MO-IL","17","Illinois","163","Saint Clair","38.6120344810656","-90.1604766324869"
"07/24/2018","AQS","171630010","1","0.4","ppm","5","IEPA-RAPS TRAILER","24","100.0000","42101","Carbon monoxide","41180","St. Louis, MO-IL","17","Illinois","163","Saint Clair","38.6120344810656","-90.1604766324869"
"07/25/2018","AQS","171630010","1","0.3","ppm","3","IEPA-RAPS TRAILER","24","100.0000","42101","Carbon monoxide","41180","St. Louis, MO-IL","17","Illinois","163","Saint Clair","38.6120344810656","-90.1604766324869"
"07/26/2018","AQS","171630010","1","0.4","ppm","5","IEPA-RAPS TRAILER","24","100.0000","42101","Carbon monoxide","41180","St. Louis, MO-IL","17","Illinois","163","Saint Clair","38.6120344810656","-90.1604766324869"
"07/27/2018","AQS","171630010","1","0.4","ppm","5","IEPA-RAPS TRAILER","24","100.0000","42101","Carbon monoxide","41180","St. Louis, MO-IL","17","Illinois","163","Saint Clair","38.6120344810656","-90.1604766324869"
"07/28/2018","AQS","171630010","1","0.4","ppm","5","IEPA-RAPS TRAILER","24","100.0000","42101","Carbon monoxide","41180","St. Louis, MO-IL","17","Illinois","163","Saint Clair","38.6120344810656","-90.1604766324869"
"07/29/2018","AQS","171630010","1","0.4","ppm","5","IEPA-RAPS TRAILER","24","100.0000","42101","Carbon monoxide","41180","St. Louis, MO-IL","17","Illinois","163","Saint Clair","38.6120344810656","-90.1604766324869"
"07/30/2018","AQS","171630010","1","0.3","ppm","3","IEPA-RAPS TRAILER","24","100.0000","42101","Carbon monoxide","41180","St. Louis, MO-IL","17","Illinois","163","Saint Clair","38.6120344810656","-90.1604766324869"
"07/31/2018","AQS","171630010","1","0.4","ppm","5","IEPA-RAPS TRAILER","24","100.0000","42101","Carbon monoxide","41180","St. Louis, MO-IL","17","Illinois","163","Saint Clair","38.6120344810656","-90.1604766324869"
"08/01/2018","AQS","171630010","1","0.4","ppm","5","IEPA-RAPS TRAILER","24","100.0000","42101","Carbon monoxide","41180","St. Louis, MO-IL","17","Illinois","163","Saint Clair","38.6120344810656","-90.1604766324869"
"08/02/2018","AQS","171630010","1","0.3","ppm","3","IEPA-RAPS TRAILER","24","100.0000","42101","Carbon monoxide","41180","St. Louis, MO-IL","17","Illinois","163","Saint Clair","38.6120344810656","-90.1604766324869"
"08/03/2018","AQS","171630010","1","0.3","ppm","3","IEPA-RAPS TRAILER","24","100.0000","42101","Carbon monoxide","41180","St. Louis, MO-IL","17","Illinois","163","Saint Clair","38.6120344810656","-90.1604766324869"
"08/04/2018","AQS","171630010","1","0.3","ppm","3","IEPA-RAPS TRAILER","24","100.0000","42101","Carbon monoxide","41180","St. Louis, MO-IL","17","Illinois","163","Saint Clair","38.6120344810656","-90.1604766324869"
"08/05/2018","AQS","171630010","1","0.3","ppm","3","IEPA-RAPS TRAILER","24","100.0000","42101","Carbon monoxide","41180","St. Louis, MO-IL","17","Illinois","163","Saint Clair","38.6120344810656","-90.1604766324869"
"08/06/2018","AQS","171630010","1","0.2","ppm","2","IEPA-RAPS TRAILER","24","100.0000","42101","Carbon monoxide","41180","St. Louis, MO-IL","17","Illinois","163","Saint Clair","38.6120344810656","-90.1604766324869"
"08/07/2018","AQS","171630010","1","0.3","ppm","3","IEPA-RAPS TRAILER","24","100.0000","42101","Carbon monoxide","41180","St. Louis, MO-IL","17","Illinois","163","Saint Clair","38.6120344810656","-90.1604766324869"
"08/08/2018","AQS","171630010","1","0.4","ppm","5","IEPA-RAPS TRAILER","24","100.0000","42101","Carbon monoxide","41180","St. Louis, MO-IL","17","Illinois","163","Saint Clair","38.6120344810656","-90.1604766324869"
"08/09/2018","AQS","171630010","1","0.6","ppm","7","IEPA-RAPS TRAILER","24","100.0000","42101","Carbon monoxide","41180","St. Louis, MO-IL","17","Illinois","163","Saint Clair","38.6120344810656","-90.1604766324869"
"08/10/2018","AQS","171630010","1","0.5","ppm","6","IEPA-RAPS TRAILER","24","100.0000","42101","Carbon monoxide","41180","St. Louis, MO-IL","17","Illinois","163","Saint Clair","38.6120344810656","-90.1604766324869"
"08/11/2018","AQS","171630010","1","0.5","ppm","6","IEPA-RAPS TRAILER","24","100.0000","42101","Carbon monoxide","41180","St. Louis, MO-IL","17","Illinois","163","Saint Clair","38.6120344810656","-90.1604766324869"
"08/12/2018","AQS","171630010","1","0.6","ppm","7","IEPA-RAPS TRAILER","24","100.0000","42101","Carbon monoxide","41180","St. Louis, MO-IL","17","Illinois","163","Saint Clair","38.6120344810656","-90.1604766324869"
"08/13/2018","AQS","171630010","1","0.5","ppm","6","IEPA-RAPS TRAILER","24","100.0000","42101","Carbon monoxide","41180","St. Louis, MO-IL","17","Illinois","163","Saint Clair","38.6120344810656","-90.1604766324869"
"08/14/2018","AQS","171630010","1","0.4","ppm","5","IEPA-RAPS TRAILER","24","100.0000","42101","Carbon monoxide","41180","St. Louis, MO-IL","17","Illinois","163","Saint Clair","38.6120344810656","-90.1604766324869"
"08/15/2018","AQS","171630010","1","0.2","ppm","2","IEPA-RAPS TRAILER","24","100.0000","42101","Carbon monoxide","41180","St. Louis, MO-IL","17","Illinois","163","Saint Clair","38.6120344810656","-90.1604766324869"
"08/16/2018","AQS","171630010","1","0.2","ppm","2","IEPA-RAPS TRAILER","24","100.0000","42101","Carbon monoxide","41180","St. Louis, MO-IL","17","Illinois","163","Saint Clair","38.6120344810656","-90.1604766324869"
"08/17/2018","AQS","171630010","1","0.3","ppm","3","IEPA-RAPS TRAILER","24","100.0000","42101","Carbon monoxide","41180","St. Louis, MO-IL","17","Illinois","163","Saint Clair","38.6120344810656","-90.1604766324869"
"08/18/2018","AQS","171630010","1","0.4","ppm","5","IEPA-RAPS TRAILER","24","100.0000","42101","Carbon monoxide","41180","St. Louis, MO-IL","17","Illinois","163","Saint Clair","38.6120344810656","-90.1604766324869"
"08/19/2018","AQS","171630010","1","0.5","ppm","6","IEPA-RAPS TRAILER","24","100.0000","42101","Carbon monoxide","41180","St. Louis, MO-IL","17","Illinois","163","Saint Clair","38.6120344810656","-90.1604766324869"
"08/20/2018","AQS","171630010","1","0.3","ppm","3","IEPA-RAPS TRAILER","24","100.0000","42101","Carbon monoxide","41180","St. Louis, MO-IL","17","Illinois","163","Saint Clair","38.6120344810656","-90.1604766324869"
"08/21/2018","AQS","171630010","1","0.3","ppm","3","IEPA-RAPS TRAILER","24","100.0000","42101","Carbon monoxide","41180","St. Louis, MO-IL","17","Illinois","163","Saint Clair","38.6120344810656","-90.1604766324869"
"08/22/2018","AQS","171630010","1","0.4","ppm","5","IEPA-RAPS TRAILER","24","100.0000","42101","Carbon monoxide","41180","St. Louis, MO-IL","17","Illinois","163","Saint Clair","38.6120344810656","-90.1604766324869"
"08/23/2018","AQS","171630010","1","0.5","ppm","6","IEPA-RAPS TRAILER","24","100.0000","42101","Carbon monoxide","41180","St. Louis, MO-IL","17","Illinois","163","Saint Clair","38.6120344810656","-90.1604766324869"
"08/24/2018","AQS","171630010","1","0.3","ppm","3","IEPA-RAPS TRAILER","24","100.0000","42101","Carbon monoxide","41180","St. Louis, MO-IL","17","Illinois","163","Saint Clair","38.6120344810656","-90.1604766324869"
"08/25/2018","AQS","171630010","1","0.4","ppm","5","IEPA-RAPS TRAILER","24","100.0000","42101","Carbon monoxide","41180","St. Louis, MO-IL","17","Illinois","163","Saint Clair","38.6120344810656","-90.1604766324869"
"08/26/2018","AQS","171630010","1","0.4","ppm","5","IEPA-RAPS TRAILER","24","100.0000","42101","Carbon monoxide","41180","St. Louis, MO-IL","17","Illinois","163","Saint Clair","38.6120344810656","-90.1604766324869"
"08/27/2018","AQS","171630010","1","0.4","ppm","5","IEPA-RAPS TRAILER","24","100.0000","42101","Carbon monoxide","41180","St. Louis, MO-IL","17","Illinois","163","Saint Clair","38.6120344810656","-90.1604766324869"
"08/28/2018","AQS","171630010","1","0.2","ppm","2","IEPA-RAPS TRAILER","24","100.0000","42101","Carbon monoxide","41180","St. Louis, MO-IL","17","Illinois","163","Saint Clair","38.6120344810656","-90.1604766324869"
"08/29/2018","AQS","171630010","1","0.4","ppm","5","IEPA-RAPS TRAILER","24","100.0000","42101","Carbon monoxide","41180","St. Louis, MO-IL","17","Illinois","163","Saint Clair","38.6120344810656","-90.1604766324869"
"08/30/2018","AQS","171630010","1","0.4","ppm","5","IEPA-RAPS TRAILER","24","100.0000","42101","Carbon monoxide","41180","St. Louis, MO-IL","17","Illinois","163","Saint Clair","38.6120344810656","-90.1604766324869"
"08/31/2018","AQS","171630010","1","0.3","ppm","3","IEPA-RAPS TRAILER","24","100.0000","42101","Carbon monoxide","41180","St. Louis, MO-IL","17","Illinois","163","Saint Clair","38.6120344810656","-90.1604766324869"
"09/01/2018","AQS","171630010","1","0.3","ppm","3","IEPA-RAPS TRAILER","24","100.0000","42101","Carbon monoxide","41180","St. Louis, MO-IL","17","Illinois","163","Saint Clair","38.6120344810656","-90.1604766324869"
"09/02/2018","AQS","171630010","1","0.3","ppm","3","IEPA-RAPS TRAILER","24","100.0000","42101","Carbon monoxide","41180","St. Louis, MO-IL","17","Illinois","163","Saint Clair","38.6120344810656","-90.1604766324869"
"09/03/2018","AQS","171630010","1","0.5","ppm","6","IEPA-RAPS TRAILER","24","100.0000","42101","Carbon monoxide","41180","St. Louis, MO-IL","17","Illinois","163","Saint Clair","38.6120344810656","-90.1604766324869"
"09/04/2018","AQS","171630010","1","0.5","ppm","6","IEPA-RAPS TRAILER","24","100.0000","42101","Carbon monoxide","41180","St. Louis, MO-IL","17","Illinois","163","Saint Clair","38.6120344810656","-90.1604766324869"
"09/05/2018","AQS","171630010","1","0.3","ppm","3","IEPA-RAPS TRAILER","24","100.0000","42101","Carbon monoxide","41180","St. Louis, MO-IL","17","Illinois","163","Saint Clair","38.6120344810656","-90.1604766324869"
"09/06/2018","AQS","171630010","1","0.4","ppm","5","IEPA-RAPS TRAILER","24","100.0000","42101","Carbon monoxide","41180","St. Louis, MO-IL","17","Illinois","163","Saint Clair","38.6120344810656","-90.1604766324869"
"09/07/2018","AQS","171630010","1","0.3","ppm","3","IEPA-RAPS TRAILER","24","100.0000","42101","Carbon monoxide","41180","St. Louis, MO-IL","17","Illinois","163","Saint Clair","38.6120344810656","-90.1604766324869"
"09/08/2018","AQS","171630010","1","0.3","ppm","3","IEPA-RAPS TRAILER","24","100.0000","42101","Carbon monoxide","41180","St. Louis, MO-IL","17","Illinois","163","Saint Clair","38.6120344810656","-90.1604766324869"
"09/09/2018","AQS","171630010","1","0.4","ppm","5","IEPA-RAPS TRAILER","24","100.0000","42101","Carbon monoxide","41180","St. Louis, MO-IL","17","Illinois","163","Saint Clair","38.6120344810656","-90.1604766324869"
"09/10/2018","AQS","171630010","1","0.4","ppm","5","IEPA-RAPS TRAILER","24","100.0000","42101","Carbon monoxide","41180","St. Louis, MO-IL","17","Illinois","163","Saint Clair","38.6120344810656","-90.1604766324869"
"09/11/2018","AQS","171630010","1","0.5","ppm","6","IEPA-RAPS TRAILER","24","100.0000","42101","Carbon monoxide","41180","St. Louis, MO-IL","17","Illinois","163","Saint Clair","38.6120344810656","-90.1604766324869"
"09/12/2018","AQS","171630010","1","0.4","ppm","5","IEPA-RAPS TRAILER","24","100.0000","42101","Carbon monoxide","41180","St. Louis, MO-IL","17","Illinois","163","Saint Clair","38.6120344810656","-90.1604766324869"
"09/13/2018","AQS","171630010","1","0.4","ppm","5","IEPA-RAPS TRAILER","24","100.0000","42101","Carbon monoxide","41180","St. Louis, MO-IL","17","Illinois","163","Saint Clair","38.6120344810656","-90.1604766324869"
"09/14/2018","AQS","171630010","1","0.5","ppm","6","IEPA-RAPS TRAILER","24","100.0000","42101","Carbon monoxide","41180","St. Louis, MO-IL","17","Illinois","163","Saint Clair","38.6120344810656","-90.1604766324869"
"09/15/2018","AQS","171630010","1","0.7","ppm","8","IEPA-RAPS TRAILER","24","100.0000","42101","Carbon monoxide","41180","St. Louis, MO-IL","17","Illinois","163","Saint Clair","38.6120344810656","-90.1604766324869"
"09/16/2018","AQS","171630010","1","0.5","ppm","6","IEPA-RAPS TRAILER","24","100.0000","42101","Carbon monoxide","41180","St. Louis, MO-IL","17","Illinois","163","Saint Clair","38.6120344810656","-90.1604766324869"
"09/17/2018","AQS","171630010","1","0.5","ppm","6","IEPA-RAPS TRAILER","24","100.0000","42101","Carbon monoxide","41180","St. Louis, MO-IL","17","Illinois","163","Saint Clair","38.6120344810656","-90.1604766324869"
"09/18/2018","AQS","171630010","1","0.4","ppm","5","IEPA-RAPS TRAILER","24","100.0000","42101","Carbon monoxide","41180","St. Louis, MO-IL","17","Illinois","163","Saint Clair","38.6120344810656","-90.1604766324869"
"09/19/2018","AQS","171630010","1","0.4","ppm","5","IEPA-RAPS TRAILER","24","100.0000","42101","Carbon monoxide","41180","St. Louis, MO-IL","17","Illinois","163","Saint Clair","38.6120344810656","-90.1604766324869"
"09/20/2018","AQS","171630010","1","0.4","ppm","5","IEPA-RAPS TRAILER","24","100.0000","42101","Carbon monoxide","41180","St. Louis, MO-IL","17","Illinois","163","Saint Clair","38.6120344810656","-90.1604766324869"
"09/21/2018","AQS","171630010","1","0.3","ppm","3","IEPA-RAPS TRAILER","24","100.0000","42101","Carbon monoxide","41180","St. Louis, MO-IL","17","Illinois","163","Saint Clair","38.6120344810656","-90.1604766324869"
"09/22/2018","AQS","171630010","1","0.3","ppm","3","IEPA-RAPS TRAILER","24","100.0000","42101","Carbon monoxide","41180","St. Louis, MO-IL","17","Illinois","163","Saint Clair","38.6120344810656","-90.1604766324869"
"09/23/2018","AQS","171630010","1","0.3","ppm","3","IEPA-RAPS TRAILER","24","100.0000","42101","Carbon monoxide","41180","St. Louis, MO-IL","17","Illinois","163","Saint Clair","38.6120344810656","-90.1604766324869"
"09/24/2018","AQS","171630010","1","0.3","ppm","3","IEPA-RAPS TRAILER","24","100.0000","42101","Carbon monoxide","41180","St. Louis, MO-IL","17","Illinois","163","Saint Clair","38.6120344810656","-90.1604766324869"
"09/25/2018","AQS","171630010","1","0.2","ppm","2","IEPA-RAPS TRAILER","24","100.0000","42101","Carbon monoxide","41180","St. Louis, MO-IL","17","Illinois","163","Saint Clair","38.6120344810656","-90.1604766324869"
"09/26/2018","AQS","171630010","1","0.2","ppm","2","IEPA-RAPS TRAILER","24","100.0000","42101","Carbon monoxide","41180","St. Louis, MO-IL","17","Illinois","163","Saint Clair","38.6120344810656","-90.1604766324869"
"09/27/2018","AQS","171630010","1","0.3","ppm","3","IEPA-RAPS TRAILER","24","100.0000","42101","Carbon monoxide","41180","St. Louis, MO-IL","17","Illinois","163","Saint Clair","38.6120344810656","-90.1604766324869"
"09/28/2018","AQS","171630010","1","0.2","ppm","2","IEPA-RAPS TRAILER","24","100.0000","42101","Carbon monoxide","41180","St. Louis, MO-IL","17","Illinois","163","Saint Clair","38.6120344810656","-90.1604766324869"
"09/29/2018","AQS","171630010","1","0.3","ppm","3","IEPA-RAPS TRAILER","24","100.0000","42101","Carbon monoxide","41180","St. Louis, MO-IL","17","Illinois","163","Saint Clair","38.6120344810656","-90.1604766324869"
"09/30/2018","AQS","171630010","1","0.3","ppm","3","IEPA-RAPS TRAILER","24","100.0000","42101","Carbon monoxide","41180","St. Louis, MO-IL","17","Illinois","163","Saint Clair","38.6120344810656","-90.1604766324869"
"10/01/2018","AQS","171630010","1","0.3","ppm","3","IEPA-RAPS TRAILER","2","8.0000","42101","Carbon monoxide","41180","St. Louis, MO-IL","17","Illinois","163","Saint Clair","38.6120344810656","-90.1604766324869"
